810.0000
807.0000
860.0000
841.0000
919.0000
860.0000
770.0000
814.0000
735.0000
732.0000
862.0000
844.0000
837.0000
721.0000
753.0000
708.0000
741.0000
703.0000
749.0000
743.0000
809.0000
775.0000
666.0000
653.0000
647.0000
665.0000
690.0000
704.0000
709.0000
659.0000
677.0000
711.0000
702.0000
650.0000
661.0000
672.0000
699.0000
677.0000
665.0000
666.0000
676.0000
700.0000
656.0000
618.0000
635.0000
630.0000
672.0000
629.0000
595.0000
634.0000
654.0000
682.0000
637.0000
549.0000
584.0000
625.0000
641.0000
584.0000
573.0000
553.0000
575.0000
570.0000
590.0000
546.0000
523.0000
548.0000
520.0000
536.0000
520.0000
504.0000
517.0000
509.0000
508.0000
596.0000
551.0000
488.0000
510.0000
543.0000
567.0000
525.0000
524.0000
536.0000
512.0000
508.0000
487.0000
491.0000
456.0000
485.0000
517.0000
482.0000
481.0000
487.0000
489.0000
463.0000
443.0000
420.0000
443.0000
444.0000
413.0000
444.0000
443.0000
423.0000
446.0000
471.0000
464.0000
453.0000
470.0000
440.0000
389.0000
427.0000
451.0000
422.0000
449.0000
453.0000
434.0000
402.0000
355.0000
384.0000
401.0000
385.0000
424.0000
443.0000
404.0000
418.0000
452.0000
428.0000
395.0000
377.0000
361.0000
380.0000
383.0000
365.0000
386.0000
395.0000
377.0000
398.0000
392.0000
343.0000
325.0000
358.0000
381.0000
327.0000
346.0000
371.0000
365.0000
359.0000
330.0000
325.0000
338.0000
358.0000
364.0000
333.0000
353.0000
369.0000
358.0000
330.0000
338.0000
337.0000
321.0000
349.0000
324.0000
352.0000
383.0000
382.0000
327.0000
351.0000
355.0000
329.0000
349.0000
319.0000
347.0000
351.0000
372.0000
360.0000
322.0000
332.0000
357.0000
372.0000
338.0000
364.0000
356.0000
336.0000
357.0000
339.0000
359.0000
329.0000
339.0000
297.0000
328.0000
272.0000
261.0000
288.0000
296.0000
287.0000
267.0000
262.0000
260.0000
309.0000
282.0000
248.0000
222.0000
247.0000
267.0000
260.0000
257.0000
267.0000
270.0000
268.0000
261.0000
293.0000
254.0000
221.0000
241.0000
242.0000
258.0000
219.0000
227.0000
240.0000
224.0000
207.0000
193.0000
210.0000
232.0000
231.0000
241.0000
238.0000
238.0000
227.0000
205.0000
213.0000
232.0000
227.0000
215.0000
195.0000
203.0000
224.0000
235.0000
190.0000
191.0000
185.0000
206.0000
181.0000
182.0000
199.0000
212.0000
189.0000
190.0000
212.0000
210.0000
200.0000
189.0000
196.0000
186.0000
229.0000
182.0000
189.0000
211.0000
247.0000
232.0000
241.0000
246.0000
243.0000
250.0000
262.0000
245.0000
223.0000
181.0000
181.0000
180.0000
198.0000
187.0000
172.0000
181.0000
213.0000
177.0000
174.0000
188.0000
161.0000
189.0000
155.0000
157.0000
183.0000
202.0000
191.0000
165.0000
162.0000
162.0000
169.0000
149.0000
153.0000
152.0000
150.0000
166.0000
184.0000
165.0000
153.0000
156.0000
150.0000
131.0000
145.0000
195.0000
143.0000
173.0000
164.0000
137.0000
133.0000
135.0000
158.0000
136.0000
157.0000
139.0000
148.0000
160.0000
148.0000
171.0000
154.0000
154.0000
124.0000
138.0000
179.0000
154.0000
156.0000
149.0000
189.0000
171.0000
159.0000
143.0000
165.0000
136.0000
139.0000
148.0000
130.0000
154.0000
178.0000
149.0000
152.0000
147.0000
161.0000
127.0000
176.0000
163.0000
155.0000
167.0000
164.0000
178.0000
130.0000
143.0000
139.0000
174.0000
164.0000
143.0000
168.0000
163.0000
166.0000
192.0000
159.0000
182.0000
179.0000
166.0000
189.0000
190.0000
191.0000
205.0000
195.0000
212.0000
184.0000
197.0000
182.0000
174.0000
181.0000
173.0000
169.0000
156.0000
152.0000
171.0000
168.0000
143.0000
130.0000
133.0000
149.0000
131.0000
141.0000
138.0000
140.0000
140.0000
146.0000
150.0000
142.0000
157.0000
132.0000
136.0000
111.0000
138.0000
128.0000
131.0000
144.0000
149.0000
134.0000
147.0000
133.0000
130.0000
132.0000
138.0000
129.0000
134.0000
126.0000
155.0000
144.0000
155.0000
142.0000
150.0000
163.0000
171.0000
166.0000
165.0000
174.0000
174.0000
178.0000
186.0000
189.0000
237.0000
265.0000
252.0000
245.0000
248.0000
236.0000
234.0000
240.0000
225.0000
208.0000
183.0000
169.0000
181.0000
178.0000
186.0000
178.0000
176.0000
199.0000
188.0000
170.0000
146.0000
137.0000
116.0000
128.0000
144.0000
136.0000
114.0000
107.0000
134.0000
135.0000
111.0000
101.0000
105.0000
110.0000
124.0000
126.0000
121.0000
120.0000
118.0000
115.0000
116.0000
109.0000
113.0000
121.0000
118.0000
97.0000
102.0000
119.0000
108.0000
108.0000
113.0000
112.0000
135.0000
129.0000
115.0000
125.0000
122.0000
108.0000
96.0000
112.0000
122.0000
114.0000
102.0000
100.0000
106.0000
113.0000
120.0000
130.0000
126.0000
123.0000
128.0000
117.0000
126.0000
150.0000
148.0000
134.0000
132.0000
130.0000
120.0000
126.0000
124.0000
130.0000
139.0000
122.0000
122.0000
124.0000
120.0000
127.0000
131.0000
117.0000
101.0000
103.0000
106.0000
99.0000
114.0000
128.0000
114.0000
104.0000
106.0000
106.0000
96.0000
100.0000
106.0000
108.0000
117.0000
118.0000
106.0000
101.0000
116.0000
108.0000
104.0000
108.0000
104.0000
114.0000
106.0000
95.0000
99.0000
96.0000
97.0000
102.0000
120.0000
124.0000
112.0000
104.0000
104.0000
111.0000
111.0000
108.0000
96.0000
87.0000
80.0000
84.0000
100.0000
100.0000
101.0000
97.0000
99.0000
104.0000
100.0000
95.0000
99.0000
118.0000
96.0000
93.0000
97.0000
99.0000
102.0000
99.0000
100.0000
111.0000
106.0000
115.0000
112.0000
100.0000
98.0000
99.0000
102.0000
89.0000
100.0000
101.0000
97.0000
104.0000
95.0000
94.0000
103.0000
112.0000
112.0000
96.0000
83.0000
93.0000
98.0000
110.0000
97.0000
107.0000
105.0000
98.0000
106.0000
92.0000
97.0000
98.0000
98.0000
96.0000
98.0000
98.0000
100.0000
98.0000
106.0000
96.0000
105.0000
95.0000
109.0000
115.0000
98.0000
99.0000
108.0000
94.0000
105.0000
111.0000
98.0000
95.0000
93.0000
102.0000
111.0000
111.0000
113.0000
129.0000
117.0000
108.0000
104.0000
100.0000
111.0000
127.0000
107.0000
111.0000
111.0000
104.0000
114.0000
119.0000
115.0000
111.0000
109.0000
121.0000
123.0000
108.0000
122.0000
111.0000
107.0000
116.0000
115.0000
105.0000
118.0000
122.0000
113.0000
126.0000
135.0000
143.0000
133.0000
136.0000
138.0000
144.0000
138.0000
130.0000
123.0000
118.0000
116.0000
111.0000
117.0000
136.0000
126.0000
104.0000
123.0000
103.0000
124.0000
111.0000
120.0000
119.0000
125.0000
119.0000
108.0000
122.0000
141.0000
159.0000
156.0000
164.0000
171.0000
187.0000
161.0000
188.0000
183.0000
163.0000
159.0000
149.0000
140.0000
128.0000
138.0000
137.0000
118.0000
144.0000
132.0000
152.0000
152.0000
173.0000
176.0000
167.0000
168.0000
182.0000
196.0000
199.0000
203.0000
190.0000
178.0000
191.0000
163.0000
144.0000
159.0000
148.0000
151.0000
137.0000
134.0000
150.0000
128.0000
128.0000
145.0000
137.0000
127.0000
158.0000
160.0000
158.0000
179.0000
166.0000
137.0000
180.0000
175.0000
185.0000
148.0000
168.0000
156.0000
163.0000
171.0000
187.0000
179.0000
169.0000
153.0000
154.0000
164.0000
149.0000
137.0000
142.0000
134.0000
159.0000
131.0000
113.0000
125.0000
120.0000
141.0000
123.0000
123.0000
140.0000
105.0000
131.0000
136.0000
115.0000
119.0000
137.0000
146.0000
160.0000
145.0000
143.0000
153.0000
181.0000
174.0000
149.0000
181.0000
201.0000
206.0000
188.0000
224.0000
246.0000
283.0000
319.0000
403.0000
520.0000
573.0000
672.0000
742.0000
783.0000
770.0000
738.0000
610.0000
461.0000
368.0000
278.0000
241.0000
213.0000
205.0000
215.0000
209.0000
207.0000
200.0000
193.0000
207.0000
177.0000
173.0000
174.0000
164.0000
147.0000
139.0000
141.0000
138.0000
131.0000
132.0000
135.0000
120.0000
129.0000
127.0000
136.0000
160.0000
144.0000
139.0000
136.0000
123.0000
142.0000
107.0000
146.0000
142.0000
142.0000
157.0000
151.0000
152.0000
164.0000
155.0000
186.0000
191.0000
197.0000
215.0000
264.0000
318.0000
312.0000
364.0000
385.0000
428.0000
396.0000
404.0000
430.0000
326.0000
295.0000
253.0000
222.0000
179.0000
159.0000
150.0000
146.0000
124.0000
124.0000
135.0000
129.0000
108.0000
103.0000
113.0000
122.0000
122.0000
133.0000
120.0000
111.0000
120.0000
119.0000
135.0000
160.0000
141.0000
134.0000
134.0000
134.0000
134.0000
140.0000
150.0000
152.0000
158.0000
145.0000
155.0000
164.0000
173.0000
185.0000
190.0000
177.0000
183.0000
170.0000
177.0000
174.0000
162.0000
144.0000
152.0000
144.0000
140.0000
140.0000
150.0000
144.0000
141.0000
123.0000
124.0000
132.0000
131.0000
139.0000
130.0000
125.0000
134.0000
157.0000
130.0000
134.0000
140.0000
155.0000
156.0000
162.0000
182.0000
198.0000
204.0000
216.0000
258.0000
296.0000
332.0000
371.0000
431.0000
438.0000
439.0000
491.0000
477.0000
483.0000
487.0000
478.0000
461.0000
417.0000
402.0000
402.0000
348.0000
333.0000
292.0000
278.0000
263.0000
254.0000
245.0000
205.0000
185.0000
194.0000
187.0000
173.0000
162.0000
177.0000
180.0000
170.0000
168.0000
170.0000
184.0000
193.0000
189.0000
179.0000
183.0000
224.0000
213.0000
210.0000
239.0000
269.0000
266.0000
266.0000
274.0000
301.0000
298.0000
300.0000
291.0000
290.0000
254.0000
243.0000
239.0000
199.0000
210.0000
195.0000
167.0000
138.0000
143.0000
142.0000
136.0000
137.0000
125.0000
123.0000
128.0000
135.0000
136.0000
131.0000
130.0000
143.0000
128.0000
123.0000
118.0000
138.0000
142.0000
126.0000
127.0000
148.0000
147.0000
151.0000
160.0000
161.0000
171.0000
167.0000
174.0000
169.0000
171.0000
168.0000
170.0000
170.0000
190.0000
201.0000
215.0000
227.0000
272.0000
306.0000
367.0000
385.0000
458.0000
568.0000
679.0000
786.0000
873.0000
938.0000
942.0000
863.0000
738.0000
584.0000
477.0000
435.0000
388.0000
320.0000
279.0000
250.0000
237.0000
223.0000
194.0000
164.0000
177.0000
190.0000
186.0000
167.0000
166.0000
166.0000
190.0000
189.0000
175.0000
164.0000
175.0000
188.0000
177.0000
179.0000
184.0000
184.0000
189.0000
199.0000
218.0000
230.0000
246.0000
257.0000
295.0000
319.0000
345.0000
412.0000
494.0000
547.0000
556.0000
648.0000
820.0000
1017.0000
1229.0000
1486.0000
1857.0000
2315.0000
2834.0000
3224.0000
3377.0000
3333.0000
3019.0000
2547.0000
2010.0000
1518.0000
1148.0000
821.0000
589.0000
483.0000
435.0000
415.0000
389.0000
386.0000
390.0000
354.0000
332.0000
345.0000
340.0000
334.0000
318.0000
328.0000
333.0000
289.0000
269.0000
267.0000
272.0000
305.0000
308.0000
278.0000
265.0000
285.0000
307.0000
310.0000
309.0000
330.0000
368.0000
413.0000
431.0000
479.0000
526.0000
581.0000
662.0000
712.0000
710.0000
726.0000
771.0000
778.0000
768.0000
775.0000
802.0000
806.0000
830.0000
876.0000
974.0000
1052.0000
1102.0000
1169.0000
1234.0000
1284.0000
1284.0000
1217.0000
1101.0000
1021.0000
986.0000
1010.0000
999.0000
966.0000
999.0000
1047.0000
1028.0000
960.0000
860.0000
708.0000
582.0000
495.0000
423.0000
372.0000
331.0000
285.0000
257.0000
258.0000
266.0000
266.0000
273.0000
268.0000
285.0000
306.0000
300.0000
299.0000
300.0000
283.0000
280.0000
261.0000
223.0000
216.0000
188.0000
159.0000
154.0000
153.0000
143.0000
143.0000
142.0000
138.0000
136.0000
128.0000
123.0000
133.0000
130.0000
130.0000
130.0000
130.0000
133.0000
137.0000
133.0000
138.0000
157.0000
142.0000
131.0000
137.0000
143.0000
141.0000
155.0000
163.0000
145.0000
151.0000
168.0000
168.0000
159.0000
174.0000
176.0000
183.0000
186.0000
194.0000
208.0000
249.0000
269.0000
266.0000
256.0000
275.0000
333.0000
370.0000
397.0000
424.0000
438.0000
455.0000
511.0000
548.0000
567.0000
574.0000
615.0000
647.0000
661.0000
706.0000
764.0000
794.0000
836.0000
863.0000
845.0000
833.0000
816.0000
753.0000
650.0000
624.0000
579.0000
531.0000
498.0000
487.0000
495.0000
473.0000
481.0000
494.0000
475.0000
503.0000
567.0000
592.0000
590.0000
618.0000
637.0000
644.0000
659.0000
679.0000
657.0000
649.0000
633.0000
571.0000
537.0000
537.0000
509.0000
488.0000
446.0000
425.0000
414.0000
380.0000
387.0000
418.0000
407.0000
342.0000
349.0000
370.0000
381.0000
379.0000
402.0000
452.0000
455.0000
509.0000
534.0000
555.0000
591.0000
596.0000
569.0000
549.0000
531.0000
530.0000
520.0000
459.0000
389.0000
375.0000
333.0000
294.0000
270.0000
212.0000
191.0000
204.0000
189.0000
160.0000
187.0000
177.0000
154.0000
144.0000
155.0000
154.0000
149.0000
150.0000
158.0000
145.0000
168.0000
194.0000
202.0000
197.0000
215.0000
221.0000
238.0000
246.0000
242.0000
222.0000
209.0000
195.0000
185.0000
191.0000
165.0000
152.0000
168.0000
149.0000
143.0000
155.0000
143.0000
139.0000
155.0000
150.0000
157.0000
141.0000
159.0000
143.0000
164.0000
150.0000
137.0000
136.0000
123.0000
126.0000
128.0000
121.0000
118.0000
119.0000
129.0000
124.0000
130.0000
135.0000
139.0000
148.0000
143.0000
154.0000
154.0000
172.0000
184.0000
213.0000
201.0000
222.0000
229.0000
237.0000
277.0000
316.0000
358.0000
403.0000
378.0000
440.0000
426.0000
430.0000
465.0000
423.0000
375.0000
370.0000
324.0000
273.0000
257.0000
237.0000
219.0000
194.0000
197.0000
195.0000
173.0000
150.0000
156.0000
151.0000
139.0000
132.0000
135.0000
118.0000
134.0000
140.0000
131.0000
103.0000
119.0000
120.0000
138.0000
105.0000
121.0000
100.0000
107.0000
96.0000
104.0000
103.0000
97.0000
119.0000
101.0000
108.0000
103.0000
103.0000
96.0000
98.0000
104.0000
90.0000
82.0000
107.0000
102.0000
96.0000
104.0000
115.0000
115.0000
111.0000
132.0000
125.0000
133.0000
127.0000
152.0000
141.0000
164.0000
156.0000
158.0000
138.0000
138.0000
170.0000
145.0000
126.0000
119.0000
137.0000
113.0000
107.0000
107.0000
115.0000
124.0000
118.0000
134.0000
137.0000
123.0000
147.0000
126.0000
133.0000
127.0000
143.0000
151.0000
140.0000
171.0000
135.0000
144.0000
151.0000
180.0000
164.0000
171.0000
160.0000
197.0000
187.0000
207.0000
222.0000
210.0000
215.0000
224.0000
211.0000
227.0000
229.0000
274.0000
274.0000
286.0000
334.0000
341.0000
368.0000
399.0000
371.0000
420.0000
465.0000
461.0000
518.0000
499.0000
489.0000
498.0000
517.0000
506.0000
564.0000
588.0000
604.0000
638.0000
800.0000
1022.0000
1097.0000
1245.0000
1367.0000
1500.0000
1458.0000
1487.0000
1391.0000
1273.0000
1183.0000
1122.0000
1023.0000
945.0000
878.0000
892.0000
829.0000
872.0000
879.0000
949.0000
995.0000
1024.0000
1087.0000
1069.0000
1049.0000
1050.0000
1008.0000
934.0000
885.0000
813.0000
787.0000
756.0000
687.0000
671.0000
593.0000
582.0000
519.0000
450.0000
441.0000
436.0000
386.0000
327.0000
357.0000
301.0000
280.0000
298.0000
273.0000
270.0000
247.0000
233.0000
242.0000
242.0000
221.0000
222.0000
239.0000
219.0000
243.0000
237.0000
241.0000
205.0000
252.0000
236.0000
220.0000
244.0000
218.0000
224.0000
229.0000
238.0000
248.0000
280.0000
299.0000
317.0000
366.0000
363.0000
368.0000
380.0000
379.0000
376.0000
355.0000
342.0000
303.0000
278.0000
256.0000
225.0000
198.0000
180.0000
180.0000
157.0000
161.0000
153.0000
151.0000
163.0000
141.0000
155.0000
158.0000
142.0000
133.0000
133.0000
145.0000
130.0000
172.0000
161.0000
159.0000
162.0000
167.0000
157.0000
171.0000
177.0000
168.0000
174.0000
170.0000
149.0000
156.0000
165.0000
148.0000
142.0000
132.0000
131.0000
129.0000
128.0000
129.0000
148.0000
144.0000
131.0000
137.0000
144.0000
146.0000
153.0000
186.0000
220.0000
223.0000
274.0000
347.0000
394.0000
438.0000
491.0000
547.0000
532.0000
534.0000
519.0000
435.0000
363.0000
320.0000
292.0000
268.0000
195.0000
159.0000
146.0000
128.0000
127.0000
125.0000
125.0000
119.0000
106.0000
111.0000
119.0000
103.0000
120.0000
108.0000
118.0000
120.0000
109.0000
102.0000
102.0000
111.0000
102.0000
104.0000
102.0000
101.0000
106.0000
87.0000
88.0000
104.0000
95.0000
104.0000
96.0000
82.0000
95.0000
94.0000
81.0000
90.0000
102.0000
109.0000
102.0000
104.0000
101.0000
105.0000
118.0000
113.0000
117.0000
104.0000
92.0000
110.0000
124.0000
133.0000
132.0000
122.0000
124.0000
135.0000
143.0000
148.0000
153.0000
150.0000
158.0000
160.0000
158.0000
168.0000
161.0000
154.0000
143.0000
155.0000
153.0000
144.0000
170.0000
182.0000
178.0000
181.0000
202.0000
222.0000
268.0000
273.0000
276.0000
291.0000
257.0000
231.0000
227.0000
214.0000
193.0000
176.0000
159.0000
151.0000
142.0000
132.0000
128.0000
122.0000
110.0000
107.0000
117.0000
109.0000
114.0000
111.0000
111.0000
114.0000
130.0000
126.0000
119.0000
117.0000
113.0000
117.0000
113.0000
124.0000
120.0000
109.0000
114.0000
134.0000
145.0000
140.0000
163.0000
186.0000
217.0000
252.0000
250.0000
259.0000
262.0000
269.0000
267.0000
271.0000
274.0000
238.0000
215.0000
213.0000
199.0000
180.0000
190.0000
198.0000
177.0000
176.0000
198.0000
199.0000
191.0000
194.0000
192.0000
186.0000
200.0000
200.0000
185.0000
179.0000
174.0000
183.0000
180.0000
153.0000
146.0000
145.0000
144.0000
151.0000
163.0000
165.0000
158.0000
151.0000
147.0000
136.0000
135.0000
139.0000
132.0000
125.0000
128.0000
127.0000
117.0000
106.0000
104.0000
113.0000
124.0000
123.0000
125.0000
131.0000
125.0000
118.0000
123.0000
123.0000
113.0000
119.0000
115.0000
113.0000
128.0000
135.0000
139.0000
138.0000
145.0000
167.0000
179.0000
188.0000
178.0000
180.0000
182.0000
186.0000
200.0000
213.0000
216.0000
225.0000
218.0000
198.0000
210.0000
216.0000
203.0000
208.0000
215.0000
235.0000
226.0000
222.0000
246.0000
241.0000
240.0000
237.0000
276.0000
293.0000
305.0000
337.0000
323.0000
311.0000
351.0000
348.0000
323.0000
333.0000
343.0000
341.0000
337.0000
354.0000
354.0000
345.0000
346.0000
352.0000
347.0000
344.0000
312.0000
312.0000
302.0000
297.0000
286.0000
279.0000
244.0000
212.0000
217.0000
227.0000
237.0000
224.0000
227.0000
226.0000
213.0000
218.0000
210.0000
189.0000
224.0000
227.0000
218.0000
221.0000
232.0000
233.0000
241.0000
245.0000
251.0000
248.0000
249.0000
255.0000
278.0000
266.0000
299.0000
293.0000
333.0000
372.0000
436.0000
530.0000
614.0000
757.0000
959.0000
1118.0000
1172.0000
1219.0000
1156.0000
1050.0000
964.0000
926.0000
779.0000
626.0000
560.0000
438.0000
350.0000
269.0000
214.0000
201.0000
175.0000
176.0000
157.0000
133.0000
136.0000
163.0000
145.0000
134.0000
142.0000
146.0000
127.0000
115.0000
145.0000
131.0000
128.0000
107.0000
124.0000
139.0000
117.0000
111.0000
127.0000
145.0000
125.0000
140.0000
159.0000
143.0000
135.0000
153.0000
177.0000
160.0000
167.0000
162.0000
161.0000
177.0000
169.0000
151.0000
175.0000
177.0000
172.0000
163.0000
165.0000
152.0000
128.0000
171.0000
140.0000
145.0000
130.0000
140.0000
146.0000
114.0000
132.0000
123.0000
140.0000
120.0000
130.0000
140.0000
169.0000
175.0000
161.0000
165.0000
184.0000
170.0000
197.0000
190.0000
184.0000
189.0000
170.0000
185.0000
166.0000
181.0000
178.0000
163.0000
161.0000
146.0000
158.0000
155.0000
175.0000
170.0000
141.0000
176.0000
173.0000
149.0000
163.0000
148.0000
150.0000
141.0000
136.0000
145.0000
124.0000
131.0000
126.0000
109.0000
129.0000
115.0000
126.0000
125.0000
109.0000
126.0000
116.0000
126.0000
118.0000
128.0000
138.0000
126.0000
127.0000
173.0000
183.0000
183.0000
194.0000
206.0000
187.0000
203.0000
166.0000
174.0000
157.0000
155.0000
175.0000
153.0000
131.0000
121.0000
128.0000
142.0000
149.0000
151.0000
122.0000
125.0000
122.0000
130.0000
121.0000
135.0000
120.0000
121.0000
110.0000
103.0000
110.0000
101.0000
93.0000
114.0000
105.0000
88.0000
106.0000
76.0000
94.0000
81.0000
102.0000
91.0000
92.0000
79.0000
86.0000
95.0000
87.0000
90.0000
95.0000
105.0000
109.0000
85.0000
106.0000
108.0000
90.0000
102.0000
100.0000
106.0000
102.0000
102.0000
92.0000
104.0000
109.0000
103.0000
110.0000
105.0000
105.0000
113.0000
106.0000
107.0000
114.0000
116.0000
100.0000
101.0000
109.0000
107.0000
114.0000
106.0000
93.0000
92.0000
99.0000
90.0000
90.0000
92.0000
93.0000
84.0000
84.0000
76.0000
86.0000
92.0000
80.0000
69.0000
70.0000
79.0000
83.0000
89.0000
74.0000
72.0000
78.0000
75.0000
63.0000
76.0000
83.0000
76.0000
86.0000
92.0000
87.0000
91.0000
79.0000
85.0000
74.0000
67.0000
77.0000
83.0000
86.0000
79.0000
75.0000
85.0000
84.0000
75.0000
76.0000
75.0000
87.0000
86.0000
92.0000
101.0000
92.0000
92.0000
98.0000
108.0000
102.0000
104.0000
126.0000
127.0000
129.0000
136.0000
139.0000
134.0000
134.0000
131.0000
133.0000
137.0000
129.0000
137.0000
137.0000
131.0000
138.0000
144.0000
142.0000
151.0000
160.0000
159.0000
165.0000
171.0000
187.0000
187.0000
161.0000
163.0000
175.0000
165.0000
159.0000
159.0000
153.0000
141.0000
142.0000
134.0000
121.0000
130.0000
132.0000
129.0000
132.0000
128.0000
125.0000
141.0000
154.0000
154.0000
154.0000
164.0000
154.0000
143.0000
167.0000
165.0000
134.0000
135.0000
129.0000
120.0000
129.0000
140.0000
136.0000
115.0000
131.0000
128.0000
128.0000
144.0000
138.0000
148.0000
159.0000
177.0000
194.0000
171.0000
161.0000
179.0000
184.0000
168.0000
170.0000
184.0000
174.0000
179.0000
181.0000
177.0000
190.0000
167.0000
162.0000
150.0000
171.0000
193.0000
214.0000
237.0000
280.0000
315.0000
357.0000
402.0000
404.0000
388.0000
395.0000
365.0000
348.0000
311.0000
268.0000
282.0000
265.0000
227.0000
200.0000
166.0000
164.0000
150.0000
125.0000
110.0000
117.0000
130.0000
111.0000
121.0000
121.0000
116.0000
125.0000
132.0000
137.0000
138.0000
136.0000
142.0000
163.0000
160.0000
184.0000
194.0000
191.0000
196.0000
211.0000
190.0000
183.0000
170.0000
154.0000
147.0000
129.0000
129.0000
134.0000
123.0000
108.0000
116.0000
110.0000
120.0000
119.0000
128.0000
116.0000
117.0000
128.0000
110.0000
122.0000
129.0000
137.0000
130.0000
135.0000
147.0000
136.0000
147.0000
149.0000
152.0000
174.0000
178.0000
180.0000
180.0000
201.0000
183.0000
188.0000
191.0000
186.0000
173.0000
157.0000
178.0000
181.0000
163.0000
150.0000
141.0000
165.0000
153.0000
132.0000
138.0000
145.0000
148.0000
122.0000
141.0000
149.0000
155.0000
146.0000
139.0000
150.0000
154.0000
149.0000
137.0000
155.0000
179.0000
163.0000
137.0000
173.0000
163.0000
135.0000
146.0000
132.0000
147.0000
166.0000
155.0000
177.0000
169.0000
172.0000
186.0000
196.0000
193.0000
209.0000
245.0000
324.0000
318.0000
396.0000
476.0000
562.0000
531.0000
526.0000
559.0000
479.0000
443.0000
423.0000
392.0000
380.0000
370.0000
340.0000
302.0000
220.0000
218.0000
213.0000
188.0000
171.0000
184.0000
176.0000
169.0000
182.0000
191.0000
183.0000
195.0000
201.0000
209.0000
239.0000
242.0000
238.0000
249.0000
243.0000
259.0000
239.0000
243.0000
257.0000
241.0000
225.0000
215.0000
211.0000
228.0000
190.0000
209.0000
194.0000
179.0000
174.0000
175.0000
185.0000
167.0000
183.0000
180.0000
172.0000
144.0000
150.0000
162.0000
152.0000
130.0000
145.0000
136.0000
143.0000
128.0000
125.0000
129.0000
114.0000
120.0000
130.0000
122.0000
128.0000
131.0000
121.0000
115.0000
125.0000
118.0000
94.0000
103.0000
114.0000
109.0000
116.0000
105.0000
104.0000
101.0000
100.0000
115.0000
103.0000
112.0000
119.0000
105.0000
106.0000
120.0000
100.0000
107.0000
98.0000
101.0000
109.0000
114.0000
118.0000
107.0000
105.0000
101.0000
107.0000
110.0000
109.0000
121.0000
129.0000
130.0000
128.0000
111.0000
117.0000
136.0000
138.0000
140.0000
136.0000
126.0000
140.0000
161.0000
187.0000
204.0000
210.0000
229.0000
231.0000
203.0000
188.0000
176.0000
180.0000
160.0000
148.0000
167.0000
154.0000
147.0000
140.0000
123.0000
120.0000
116.0000
108.0000
107.0000
121.0000
126.0000
140.0000
156.0000
157.0000
150.0000
141.0000
141.0000
143.0000
128.0000
127.0000
135.0000
135.0000
131.0000
127.0000
126.0000
128.0000
125.0000
112.0000
107.0000
118.0000
123.0000
123.0000
113.0000
110.0000
114.0000
114.0000
117.0000
117.0000
118.0000
111.0000
105.0000
102.0000
100.0000
110.0000
109.0000
117.0000
122.0000
116.0000
124.0000
135.0000
132.0000
122.0000
119.0000
113.0000
119.0000
139.0000
151.0000
150.0000
155.0000
152.0000
155.0000
174.0000
182.0000
188.0000
187.0000
194.0000
197.0000
191.0000
210.0000
225.0000
237.0000
255.0000
273.0000
291.0000
284.0000
294.0000
301.0000
293.0000
297.0000
287.0000
277.0000
261.0000
283.0000
300.0000
269.0000
254.0000
256.0000
258.0000
247.0000
238.0000
242.0000
219.0000
208.0000
227.0000
251.0000
257.0000
243.0000
241.0000
248.0000
257.0000
245.0000
256.0000
237.0000
238.0000
232.0000
242.0000
242.0000
231.0000
264.0000
267.0000
221.0000
232.0000
237.0000
247.0000
250.0000
251.0000
294.0000
338.0000
384.0000
490.0000
611.0000
727.0000
905.0000
1000.0000
975.0000
930.0000
875.0000
759.0000
690.0000
669.0000
632.0000
596.0000
574.0000
543.0000
452.0000
346.0000
269.0000
226.0000
189.0000
171.0000
167.0000
141.0000
141.0000
122.0000
128.0000
124.0000
127.0000
123.0000
123.0000
116.0000
111.0000
102.0000
105.0000
113.0000
102.0000
92.0000
99.0000
109.0000
118.0000
115.0000
105.0000
108.0000
101.0000
102.0000
95.0000
99.0000
100.0000
99.0000
94.0000
96.0000
84.0000
84.0000
86.0000
79.0000
93.0000
86.0000
92.0000
88.0000
96.0000
106.0000
91.0000
93.0000
93.0000
96.0000
101.0000
111.0000
103.0000
105.0000
105.0000
104.0000
108.0000
96.0000
108.0000
120.0000
127.0000
116.0000
101.0000
111.0000
113.0000
118.0000
111.0000
92.0000
110.0000
115.0000
116.0000
116.0000
121.0000
99.0000
100.0000
116.0000
125.0000
108.0000
107.0000
114.0000
110.0000
112.0000
113.0000
103.0000
109.0000
118.0000
125.0000
113.0000
115.0000
114.0000
124.0000
116.0000
128.0000
125.0000
115.0000
124.0000
120.0000
135.0000
136.0000
127.0000
151.0000
147.0000
159.0000
169.0000
158.0000
181.0000
195.0000
220.0000
214.0000
262.0000
302.0000
302.0000
386.0000
370.0000
362.0000
301.0000
294.0000
233.0000
265.0000
272.0000
237.0000
225.0000
251.0000
216.0000
213.0000
175.0000
167.0000
176.0000
148.0000
169.0000
151.0000
134.0000
146.0000
157.0000
157.0000
150.0000
143.0000
149.0000
159.0000
167.0000
169.0000
157.0000
140.0000
157.0000
133.0000
139.0000
141.0000
143.0000
154.0000
155.0000
153.0000
162.0000
151.0000
131.0000
143.0000
136.0000
144.0000
126.0000
152.0000
152.0000
136.0000
118.0000
108.0000
126.0000
118.0000
135.0000
130.0000
148.0000
136.0000
145.0000
180.0000
159.0000
147.0000
197.0000
177.0000
174.0000
207.0000
205.0000
214.0000
211.0000
224.0000
248.0000
196.0000
247.0000
201.0000
179.0000
227.0000
233.0000
238.0000
232.0000
259.0000
231.0000
238.0000
236.0000
251.0000
218.0000
229.0000
205.0000
256.0000
220.0000
224.0000
215.0000
230.0000
212.0000
205.0000
226.0000
197.0000
209.0000
226.0000
198.0000
207.0000
220.0000
216.0000
211.0000
222.0000
209.0000
184.0000
199.0000
191.0000
210.0000
197.0000
193.0000
178.0000
210.0000
223.0000
192.0000
204.0000
218.0000
202.0000
232.0000
232.0000
218.0000
235.0000
197.0000
206.0000
213.0000
204.0000
239.0000
207.0000
224.0000
217.0000
247.0000
245.0000
223.0000
247.0000
264.0000
250.0000
252.0000
236.0000
239.0000
256.0000
273.0000
215.0000
222.0000
226.0000
203.0000
204.0000
194.0000
191.0000
184.0000
194.0000
183.0000
183.0000
173.0000
162.0000
172.0000
186.0000
198.0000
168.0000
169.0000
171.0000
174.0000
163.0000
172.0000
183.0000
195.0000
177.0000
184.0000
183.0000
179.0000
180.0000
182.0000
201.0000
197.0000
176.0000
173.0000
170.0000
163.0000
171.0000
167.0000
148.0000
157.0000
173.0000
159.0000
159.0000
142.0000
132.0000
130.0000
133.0000
115.0000
116.0000
116.0000
128.0000
115.0000
139.0000
148.0000
128.0000
129.0000
131.0000
118.0000
140.0000
141.0000
140.0000
150.0000
145.0000
145.0000
149.0000
167.0000
143.0000
142.0000
142.0000
122.0000
141.0000
131.0000
135.0000
132.0000
122.0000
136.0000
133.0000
125.0000
114.0000
117.0000
117.0000
108.0000
104.0000
100.0000
107.0000
115.0000
107.0000
108.0000
99.0000
96.0000
113.0000
105.0000
99.0000
116.0000
98.0000
93.0000
111.0000
101.0000
101.0000
90.0000
100.0000
90.0000
98.0000
99.0000
101.0000
98.0000
90.0000
99.0000
99.0000
98.0000
100.0000
85.0000
97.0000
119.0000
106.0000
116.0000
113.0000
109.0000
109.0000
109.0000
