885.0000
878.0000
837.0000
864.0000
890.0000
871.0000
828.0000
883.0000
800.0000
779.0000
819.0000
948.0000
862.0000
888.0000
828.0000
800.0000
769.0000
804.0000
784.0000
732.0000
806.0000
789.0000
707.0000
715.0000
757.0000
747.0000
798.0000
775.0000
739.0000
773.0000
784.0000
804.0000
712.0000
772.0000
766.0000
773.0000
862.0000
768.0000
775.0000
782.0000
766.0000
764.0000
873.0000
873.0000
819.0000
763.0000
830.0000
893.0000
928.0000
968.0000
965.0000
859.0000
878.0000
860.0000
771.0000
719.0000
687.0000
630.0000
646.0000
668.0000
708.0000
709.0000
614.0000
647.0000
690.0000
623.0000
647.0000
651.0000
634.0000
650.0000
622.0000
631.0000
592.0000
622.0000
646.0000
609.0000
604.0000
605.0000
641.0000
599.0000
594.0000
547.0000
532.0000
566.0000
526.0000
516.0000
503.0000
532.0000
564.0000
523.0000
511.0000
523.0000
530.0000
512.0000
483.0000
498.0000
537.0000
533.0000
523.0000
474.0000
470.0000
545.0000
525.0000
489.0000
475.0000
455.0000
459.0000
460.0000
475.0000
471.0000
457.0000
461.0000
449.0000
448.0000
436.0000
463.0000
495.0000
481.0000
470.0000
458.0000
464.0000
443.0000
444.0000
438.0000
412.0000
436.0000
415.0000
409.0000
455.0000
444.0000
447.0000
454.0000
430.0000
446.0000
467.0000
429.0000
394.0000
434.0000
441.0000
444.0000
431.0000
423.0000
419.0000
406.0000
429.0000
430.0000
410.0000
384.0000
415.0000
419.0000
420.0000
384.0000
372.0000
389.0000
398.0000
401.0000
384.0000
420.0000
412.0000
434.0000
399.0000
380.0000
419.0000
407.0000
431.0000
430.0000
422.0000
432.0000
487.0000
468.0000
405.0000
466.0000
491.0000
539.0000
568.0000
543.0000
577.0000
575.0000
578.0000
547.0000
571.0000
590.0000
569.0000
483.0000
471.0000
419.0000
369.0000
340.0000
352.0000
351.0000
331.0000
333.0000
338.0000
333.0000
314.0000
332.0000
287.0000
286.0000
325.0000
327.0000
341.0000
317.0000
304.0000
295.0000
307.0000
267.0000
320.0000
299.0000
277.0000
279.0000
288.0000
286.0000
324.0000
309.0000
272.0000
317.0000
353.0000
342.0000
347.0000
359.0000
342.0000
298.0000
341.0000
320.0000
317.0000
307.0000
312.0000
337.0000
330.0000
298.0000
276.0000
251.0000
252.0000
296.0000
276.0000
241.0000
279.0000
284.0000
255.0000
283.0000
273.0000
268.0000
258.0000
263.0000
252.0000
274.0000
309.0000
278.0000
272.0000
313.0000
295.0000
269.0000
294.0000
312.0000
300.0000
333.0000
358.0000
383.0000
434.0000
545.0000
502.0000
589.0000
601.0000
590.0000
611.0000
532.0000
420.0000
356.0000
307.0000
268.0000
203.0000
249.0000
211.0000
245.0000
216.0000
217.0000
183.0000
220.0000
211.0000
256.0000
247.0000
213.0000
237.0000
217.0000
271.0000
255.0000
202.0000
219.0000
205.0000
241.0000
208.0000
190.0000
212.0000
208.0000
220.0000
225.0000
245.0000
207.0000
215.0000
204.0000
185.0000
215.0000
225.0000
205.0000
224.0000
195.0000
195.0000
205.0000
209.0000
194.0000
214.0000
198.0000
226.0000
181.0000
209.0000
200.0000
198.0000
175.0000
212.0000
205.0000
162.0000
218.0000
224.0000
215.0000
186.0000
210.0000
213.0000
207.0000
188.0000
179.0000
171.0000
190.0000
214.0000
212.0000
195.0000
222.0000
199.0000
236.0000
226.0000
206.0000
239.0000
215.0000
221.0000
197.0000
209.0000
215.0000
231.0000
263.0000
249.0000
264.0000
243.0000
285.0000
290.0000
268.0000
282.0000
334.0000
316.0000
314.0000
381.0000
387.0000
406.0000
390.0000
405.0000
387.0000
384.0000
365.0000
361.0000
326.0000
298.0000
231.0000
259.0000
233.0000
198.0000
200.0000
222.0000
208.0000
191.0000
195.0000
195.0000
189.0000
183.0000
178.0000
181.0000
174.0000
184.0000
166.0000
190.0000
192.0000
176.0000
190.0000
171.0000
163.0000
154.0000
166.0000
168.0000
181.0000
177.0000
181.0000
179.0000
189.0000
196.0000
195.0000
187.0000
165.0000
185.0000
197.0000
193.0000
202.0000
200.0000
207.0000
213.0000
202.0000
195.0000
202.0000
225.0000
219.0000
239.0000
250.0000
255.0000
277.0000
327.0000
318.0000
354.0000
371.0000
351.0000
326.0000
347.0000
352.0000
363.0000
418.0000
461.0000
478.0000
493.0000
496.0000
464.0000
455.0000
379.0000
302.0000
249.0000
243.0000
209.0000
200.0000
201.0000
180.0000
175.0000
167.0000
148.0000
157.0000
161.0000
150.0000
142.0000
144.0000
144.0000
138.0000
142.0000
134.0000
137.0000
131.0000
128.0000
133.0000
133.0000
130.0000
129.0000
140.0000
130.0000
118.0000
131.0000
134.0000
132.0000
133.0000
136.0000
153.0000
137.0000
129.0000
136.0000
141.0000
139.0000
134.0000
129.0000
146.0000
167.0000
177.0000
170.0000
166.0000
171.0000
191.0000
187.0000
184.0000
195.0000
209.0000
226.0000
219.0000
193.0000
200.0000
196.0000
177.0000
182.0000
185.0000
174.0000
171.0000
159.0000
140.0000
136.0000
137.0000
148.0000
140.0000
128.0000
126.0000
130.0000
137.0000
138.0000
128.0000
125.0000
133.0000
130.0000
128.0000
139.0000
145.0000
135.0000
145.0000
153.0000
151.0000
141.0000
141.0000
152.0000
167.0000
163.0000
164.0000
190.0000
186.0000
161.0000
146.0000
152.0000
151.0000
142.0000
132.0000
141.0000
142.0000
130.0000
117.0000
120.0000
125.0000
116.0000
115.0000
118.0000
117.0000
115.0000
115.0000
119.0000
116.0000
124.0000
125.0000
127.0000
125.0000
122.0000
128.0000
121.0000
145.0000
117.0000
124.0000
134.0000
130.0000
126.0000
124.0000
137.0000
139.0000
130.0000
124.0000
128.0000
119.0000
130.0000
124.0000
108.0000
125.0000
123.0000
142.0000
127.0000
127.0000
133.0000
119.0000
130.0000
127.0000
127.0000
133.0000
130.0000
127.0000
143.0000
140.0000
137.0000
121.0000
117.0000
136.0000
130.0000
117.0000
120.0000
114.0000
115.0000
134.0000
138.0000
120.0000
115.0000
119.0000
110.0000
121.0000
132.0000
137.0000
142.0000
120.0000
117.0000
124.0000
137.0000
124.0000
129.0000
149.0000
165.0000
140.0000
126.0000
135.0000
134.0000
152.0000
166.0000
157.0000
169.0000
178.0000
176.0000
181.0000
158.0000
166.0000
172.0000
145.0000
146.0000
144.0000
144.0000
149.0000
128.0000
134.0000
141.0000
128.0000
137.0000
143.0000
160.0000
160.0000
141.0000
134.0000
141.0000
140.0000
124.0000
132.0000
123.0000
139.0000
122.0000
139.0000
142.0000
148.0000
147.0000
149.0000
136.0000
129.0000
130.0000
132.0000
125.0000
122.0000
134.0000
154.0000
143.0000
153.0000
145.0000
122.0000
148.0000
156.0000
142.0000
146.0000
137.0000
183.0000
166.0000
175.0000
161.0000
177.0000
179.0000
171.0000
172.0000
173.0000
158.0000
163.0000
163.0000
187.0000
144.0000
157.0000
161.0000
194.0000
155.0000
133.0000
154.0000
157.0000
167.0000
158.0000
153.0000
189.0000
179.0000
196.0000
173.0000
175.0000
164.0000
171.0000
173.0000
154.0000
140.0000
157.0000
154.0000
165.0000
166.0000
144.0000
135.0000
142.0000
146.0000
155.0000
142.0000
137.0000
166.0000
150.0000
185.0000
179.0000
170.0000
165.0000
169.0000
175.0000
210.0000
219.0000
195.0000
199.0000
192.0000
167.0000
180.0000
208.0000
178.0000
187.0000
205.0000
180.0000
167.0000
163.0000
157.0000
164.0000
162.0000
158.0000
157.0000
154.0000
154.0000
138.0000
161.0000
161.0000
167.0000
145.0000
154.0000
173.0000
170.0000
155.0000
156.0000
180.0000
168.0000
166.0000
211.0000
202.0000
185.0000
183.0000
224.0000
221.0000
227.0000
241.0000
245.0000
299.0000
300.0000
341.0000
373.0000
394.0000
487.0000
562.0000
673.0000
822.0000
1018.0000
1223.0000
1506.0000
1662.0000
1841.0000
1961.0000
1910.0000
1773.0000
1501.0000
1210.0000
944.0000
786.0000
626.0000
532.0000
544.0000
494.0000
453.0000
387.0000
358.0000
271.0000
259.0000
239.0000
220.0000
228.0000
202.0000
179.0000
193.0000
192.0000
180.0000
197.0000
204.0000
183.0000
164.0000
178.0000
205.0000
179.0000
194.0000
188.0000
203.0000
185.0000
163.0000
205.0000
198.0000
192.0000
214.0000
212.0000
233.0000
235.0000
267.0000
264.0000
270.0000
304.0000
309.0000
348.0000
432.0000
491.0000
606.0000
680.0000
759.0000
846.0000
931.0000
1068.0000
1082.0000
1131.0000
1075.0000
919.0000
768.0000
658.0000
518.0000
450.0000
358.0000
299.0000
307.0000
273.0000
227.0000
250.0000
266.0000
251.0000
234.0000
248.0000
244.0000
234.0000
225.0000
235.0000
274.0000
247.0000
233.0000
228.0000
237.0000
233.0000
224.0000
217.0000
217.0000
230.0000
205.0000
193.0000
205.0000
185.0000
194.0000
210.0000
235.0000
225.0000
214.0000
261.0000
275.0000
280.0000
323.0000
340.0000
391.0000
361.0000
391.0000
411.0000
391.0000
354.0000
359.0000
369.0000
349.0000
324.0000
283.0000
315.0000
287.0000
317.0000
264.0000
268.0000
298.0000
297.0000
317.0000
321.0000
340.0000
342.0000
368.0000
390.0000
355.0000
412.0000
483.0000
525.0000
577.0000
651.0000
723.0000
776.0000
830.0000
859.0000
878.0000
806.0000
797.0000
708.0000
612.0000
568.0000
455.0000
444.0000
433.0000
443.0000
434.0000
454.0000
463.0000
509.0000
508.0000
539.0000
551.0000
572.0000
550.0000
495.0000
483.0000
467.0000
487.0000
504.0000
510.0000
526.0000
593.0000
654.0000
702.0000
735.0000
745.0000
807.0000
798.0000
826.0000
829.0000
819.0000
757.0000
698.0000
641.0000
544.0000
520.0000
442.0000
399.0000
333.0000
309.0000
288.0000
283.0000
287.0000
233.0000
233.0000
232.0000
240.0000
224.0000
212.0000
224.0000
237.0000
217.0000
230.0000
219.0000
208.0000
234.0000
231.0000
217.0000
215.0000
234.0000
225.0000
244.0000
226.0000
231.0000
261.0000
281.0000
266.0000
272.0000
301.0000
306.0000
308.0000
329.0000
314.0000
328.0000
317.0000
313.0000
309.0000
283.0000
305.0000
342.0000
361.0000
371.0000
401.0000
454.0000
543.0000
621.0000
692.0000
784.0000
917.0000
1093.0000
1262.0000
1426.0000
1582.0000
1699.0000
1765.0000
1740.0000
1549.0000
1348.0000
1113.0000
951.0000
769.0000
624.0000
489.0000
406.0000
378.0000
340.0000
333.0000
327.0000
314.0000
294.0000
289.0000
309.0000
298.0000
297.0000
295.0000
274.0000
286.0000
291.0000
308.0000
298.0000
317.0000
329.0000
363.0000
391.0000
419.0000
469.0000
518.0000
543.0000
618.0000
656.0000
713.0000
814.0000
906.0000
985.0000
1146.0000
1297.0000
1475.0000
1727.0000
2004.0000
2379.0000
2912.0000
3550.0000
4445.0000
5453.0000
6536.0000
7702.0000
8458.0000
8830.0000
8691.0000
7893.0000
6485.0000
5028.0000
3831.0000
2807.0000
1961.0000
1411.0000
1077.0000
915.0000
858.0000
808.0000
783.0000
762.0000
776.0000
790.0000
794.0000
791.0000
775.0000
787.0000
804.0000
807.0000
799.0000
765.0000
691.0000
621.0000
588.0000
593.0000
579.0000
549.0000
560.0000
573.0000
568.0000
614.0000
677.0000
737.0000
848.0000
944.0000
1096.0000
1274.0000
1404.0000
1491.0000
1534.0000
1606.0000
1578.0000
1439.0000
1272.0000
1159.0000
1120.0000
1110.0000
1161.0000
1257.0000
1425.0000
1617.0000
1783.0000
1890.0000
2044.0000
2217.0000
2357.0000
2522.0000
2711.0000
2888.0000
2990.0000
3195.0000
3306.0000
3290.0000
3224.0000
2974.0000
2704.0000
2392.0000
2040.0000
1699.0000
1417.0000
1228.0000
1060.0000
943.0000
887.0000
869.0000
835.0000
810.0000
836.0000
807.0000
720.0000
674.0000
653.0000
583.0000
521.0000
470.0000
420.0000
406.0000
370.0000
317.0000
293.0000
278.0000
256.0000
242.0000
231.0000
228.0000
213.0000
190.0000
190.0000
178.0000
170.0000
182.0000
175.0000
174.0000
177.0000
157.0000
144.0000
166.0000
178.0000
187.0000
195.0000
202.0000
222.0000
213.0000
222.0000
244.0000
251.0000
262.0000
254.0000
246.0000
255.0000
251.0000
236.0000
215.0000
205.0000
217.0000
192.0000
191.0000
212.0000
203.0000
181.0000
186.0000
204.0000
192.0000
202.0000
221.0000
239.0000
254.0000
261.0000
268.0000
263.0000
268.0000
259.0000
252.0000
276.0000
279.0000
288.0000
294.0000
323.0000
350.0000
371.0000
403.0000
428.0000
450.0000
441.0000
420.0000
421.0000
441.0000
442.0000
429.0000
416.0000
435.0000
438.0000
436.0000
460.0000
449.0000
428.0000
453.0000
469.0000
442.0000
433.0000
431.0000
440.0000
436.0000
426.0000
412.0000
435.0000
462.0000
468.0000
503.0000
549.0000
548.0000
561.0000
591.0000
601.0000
683.0000
701.0000
717.0000
681.0000
668.0000
617.0000
558.0000
552.0000
481.0000
401.0000
379.0000
340.0000
309.0000
290.0000
295.0000
322.0000
327.0000
368.0000
399.0000
398.0000
395.0000
413.0000
406.0000
391.0000
351.0000
317.0000
294.0000
269.0000
247.0000
208.0000
216.0000
196.0000
204.0000
197.0000
187.0000
189.0000
191.0000
187.0000
215.0000
237.0000
227.0000
248.0000
269.0000
294.0000
309.0000
322.0000
353.0000
361.0000
357.0000
346.0000
347.0000
352.0000
314.0000
333.0000
291.0000
285.0000
265.0000
227.0000
225.0000
204.0000
217.0000
226.0000
198.0000
201.0000
200.0000
220.0000
229.0000
200.0000
207.0000
195.0000
215.0000
209.0000
194.0000
192.0000
177.0000
179.0000
185.0000
169.0000
167.0000
155.0000
175.0000
172.0000
181.0000
183.0000
176.0000
158.0000
166.0000
159.0000
162.0000
179.0000
173.0000
172.0000
192.0000
192.0000
199.0000
195.0000
207.0000
194.0000
185.0000
199.0000
186.0000
170.0000
180.0000
165.0000
161.0000
156.0000
142.0000
148.0000
141.0000
153.0000
138.0000
149.0000
141.0000
147.0000
132.0000
111.0000
120.0000
124.0000
105.0000
114.0000
123.0000
141.0000
128.0000
136.0000
152.0000
157.0000
167.0000
165.0000
166.0000
171.0000
194.0000
180.0000
207.0000
173.0000
182.0000
156.0000
146.0000
128.0000
132.0000
135.0000
136.0000
140.0000
132.0000
136.0000
122.0000
142.0000
141.0000
140.0000
129.0000
130.0000
123.0000
141.0000
136.0000
128.0000
150.0000
121.0000
154.0000
147.0000
143.0000
153.0000
142.0000
125.0000
147.0000
144.0000
164.0000
173.0000
162.0000
162.0000
211.0000
218.0000
213.0000
231.0000
245.0000
239.0000
257.0000
251.0000
228.0000
255.0000
231.0000
214.0000
208.0000
200.0000
199.0000
193.0000
205.0000
186.0000
177.0000
165.0000
188.0000
225.0000
194.0000
215.0000
205.0000
224.0000
258.0000
244.0000
208.0000
234.0000
249.0000
263.0000
268.0000
299.0000
286.0000
324.0000
270.0000
264.0000
290.0000
301.0000
276.0000
269.0000
282.0000
295.0000
310.0000
261.0000
277.0000
286.0000
284.0000
316.0000
329.0000
300.0000
312.0000
329.0000
339.0000
357.0000
389.0000
458.0000
464.0000
523.0000
547.0000
586.0000
730.0000
843.0000
1058.0000
1186.0000
1379.0000
1652.0000
1833.0000
2044.0000
2000.0000
1931.0000
1774.0000
1617.0000
1401.0000
1196.0000
1033.0000
893.0000
791.0000
702.0000
593.0000
603.0000
599.0000
582.0000
535.0000
520.0000
473.0000
418.0000
416.0000
393.0000
367.0000
357.0000
332.0000
303.0000
280.0000
286.0000
254.0000
258.0000
277.0000
250.0000
245.0000
238.0000
203.0000
215.0000
214.0000
205.0000
224.0000
183.0000
164.0000
202.0000
183.0000
202.0000
197.0000
211.0000
204.0000
188.0000
205.0000
216.0000
221.0000
235.0000
224.0000
214.0000
207.0000
220.0000
226.0000
203.0000
220.0000
203.0000
198.0000
202.0000
228.0000
250.0000
284.0000
346.0000
369.0000
458.0000
591.0000
658.0000
736.0000
760.0000
784.0000
779.0000
765.0000
719.0000
552.0000
549.0000
488.0000
376.0000
359.0000
312.0000
284.0000
261.0000
230.0000
212.0000
217.0000
226.0000
225.0000
227.0000
210.0000
242.0000
241.0000
240.0000
240.0000
251.0000
246.0000
236.0000
234.0000
216.0000
222.0000
214.0000
219.0000
218.0000
208.0000
226.0000
208.0000
207.0000
219.0000
215.0000
227.0000
236.0000
235.0000
231.0000
231.0000
274.0000
259.0000
243.0000
240.0000
237.0000
273.0000
285.0000
302.0000
308.0000
324.0000
372.0000
402.0000
462.0000
529.0000
601.0000
663.0000
741.0000
848.0000
836.0000
786.0000
727.0000
689.0000
611.0000
520.0000
430.0000
371.0000
304.0000
278.0000
213.0000
175.0000
178.0000
178.0000
172.0000
170.0000
174.0000
182.0000
166.0000
160.0000
171.0000
166.0000
169.0000
152.0000
143.0000
158.0000
166.0000
153.0000
146.0000
141.0000
145.0000
153.0000
172.0000
154.0000
170.0000
172.0000
175.0000
184.0000
168.0000
155.0000
179.0000
182.0000
187.0000
207.0000
195.0000
186.0000
169.0000
172.0000
172.0000
167.0000
152.0000
185.0000
187.0000
191.0000
167.0000
175.0000
178.0000
181.0000
186.0000
194.0000
182.0000
195.0000
195.0000
190.0000
190.0000
184.0000
182.0000
216.0000
208.0000
185.0000
175.0000
182.0000
177.0000
178.0000
204.0000
231.0000
217.0000
232.0000
268.0000
309.0000
374.0000
438.0000
514.0000
567.0000
614.0000
620.0000
615.0000
586.0000
545.0000
482.0000
410.0000
353.0000
316.0000
282.0000
246.0000
217.0000
195.0000
172.0000
168.0000
173.0000
165.0000
146.0000
145.0000
149.0000
146.0000
144.0000
140.0000
148.0000
144.0000
129.0000
136.0000
151.0000
141.0000
131.0000
139.0000
149.0000
152.0000
147.0000
155.0000
180.0000
198.0000
239.0000
290.0000
303.0000
339.0000
370.0000
364.0000
364.0000
346.0000
323.0000
294.0000
270.0000
251.0000
220.0000
188.0000
161.0000
151.0000
144.0000
143.0000
140.0000
132.0000
124.0000
123.0000
134.0000
136.0000
137.0000
141.0000
158.0000
162.0000
142.0000
141.0000
142.0000
141.0000
150.0000
154.0000
139.0000
142.0000
151.0000
129.0000
148.0000
169.0000
153.0000
136.0000
132.0000
137.0000
142.0000
152.0000
140.0000
137.0000
148.0000
149.0000
140.0000
146.0000
149.0000
152.0000
155.0000
155.0000
146.0000
139.0000
147.0000
146.0000
134.0000
131.0000
134.0000
136.0000
142.0000
158.0000
165.0000
172.0000
173.0000
179.0000
176.0000
188.0000
214.0000
227.0000
224.0000
262.0000
293.0000
295.0000
299.0000
294.0000
316.0000
306.0000
279.0000
288.0000
261.0000
244.0000
224.0000
226.0000
215.0000
184.0000
174.0000
183.0000
180.0000
190.0000
176.0000
170.0000
162.0000
170.0000
170.0000
172.0000
198.0000
213.0000
225.0000
257.0000
278.0000
287.0000
301.0000
359.0000
410.0000
480.0000
514.0000
546.0000
565.0000
614.0000
621.0000
557.0000
505.0000
491.0000
471.0000
413.0000
343.0000
331.0000
308.0000
279.0000
267.0000
275.0000
245.0000
244.0000
273.0000
279.0000
270.0000
290.0000
278.0000
273.0000
279.0000
291.0000
279.0000
313.0000
299.0000
261.0000
289.0000
284.0000
280.0000
270.0000
283.0000
294.0000
307.0000
337.0000
353.0000
404.0000
482.0000
575.0000
697.0000
844.0000
1065.0000
1371.0000
1526.0000
1650.0000
1703.0000
1732.0000
1696.0000
1575.0000
1362.0000
1202.0000
1058.0000
908.0000
779.0000
611.0000
507.0000
365.0000
284.0000
273.0000
255.0000
217.0000
239.0000
214.0000
179.0000
190.0000
184.0000
185.0000
154.0000
164.0000
174.0000
162.0000
148.0000
137.0000
137.0000
127.0000
120.0000
127.0000
119.0000
154.0000
143.0000
143.0000
149.0000
142.0000
157.0000
148.0000
155.0000
149.0000
139.0000
141.0000
134.0000
131.0000
134.0000
129.0000
121.0000
129.0000
123.0000
118.0000
121.0000
104.0000
117.0000
119.0000
131.0000
125.0000
133.0000
131.0000
131.0000
126.0000
125.0000
119.0000
144.0000
146.0000
149.0000
141.0000
136.0000
169.0000
144.0000
171.0000
177.0000
169.0000
172.0000
139.0000
160.0000
158.0000
144.0000
157.0000
145.0000
166.0000
179.0000
159.0000
179.0000
166.0000
167.0000
198.0000
187.0000
174.0000
175.0000
173.0000
206.0000
185.0000
167.0000
200.0000
220.0000
168.0000
202.0000
177.0000
192.0000
157.0000
180.0000
177.0000
180.0000
197.0000
183.0000
182.0000
171.0000
180.0000
176.0000
227.0000
195.0000
206.0000
239.0000
240.0000
250.0000
260.0000
332.0000
371.0000
393.0000
384.0000
434.0000
468.0000
436.0000
441.0000
376.0000
342.0000
312.0000
278.0000
264.0000
258.0000
184.0000
211.0000
177.0000
172.0000
167.0000
162.0000
172.0000
181.0000
158.0000
155.0000
146.0000
150.0000
150.0000
156.0000
144.0000
139.0000
146.0000
143.0000
129.0000
126.0000
129.0000
121.0000
131.0000
113.0000
112.0000
117.0000
121.0000
125.0000
120.0000
142.0000
130.0000
107.0000
118.0000
133.0000
111.0000
134.0000
113.0000
136.0000
140.0000
159.0000
144.0000
153.0000
149.0000
163.0000
157.0000
145.0000
148.0000
148.0000
150.0000
168.0000
161.0000
173.0000
144.0000
163.0000
162.0000
144.0000
158.0000
165.0000
172.0000
184.0000
161.0000
151.0000
152.0000
140.0000
150.0000
151.0000
137.0000
133.0000
140.0000
138.0000
136.0000
144.0000
153.0000
156.0000
157.0000
157.0000
148.0000
149.0000
139.0000
143.0000
141.0000
141.0000
140.0000
131.0000
132.0000
148.0000
145.0000
124.0000
121.0000
132.0000
135.0000
142.0000
155.0000
155.0000
131.0000
137.0000
142.0000
135.0000
141.0000
144.0000
140.0000
142.0000
144.0000
135.0000
145.0000
158.0000
145.0000
139.0000
155.0000
173.0000
170.0000
177.0000
190.0000
201.0000
211.0000
206.0000
225.0000
215.0000
199.0000
202.0000
191.0000
168.0000
168.0000
179.0000
164.0000
146.0000
144.0000
135.0000
136.0000
132.0000
123.0000
124.0000
133.0000
138.0000
124.0000
118.0000
131.0000
138.0000
134.0000
129.0000
140.0000
142.0000
147.0000
145.0000
155.0000
176.0000
167.0000
156.0000
172.0000
178.0000
183.0000
192.0000
187.0000
198.0000
200.0000
193.0000
213.0000
225.0000
223.0000
233.0000
228.0000
232.0000
253.0000
242.0000
222.0000
223.0000
214.0000
216.0000
211.0000
192.0000
191.0000
190.0000
185.0000
180.0000
187.0000
191.0000
187.0000
181.0000
202.0000
205.0000
183.0000
193.0000
216.0000
219.0000
235.0000
259.0000
259.0000
277.0000
305.0000
333.0000
332.0000
352.0000
380.0000
380.0000
374.0000
380.0000
412.0000
421.0000
412.0000
440.0000
484.0000
519.0000
544.0000
676.0000
802.0000
930.0000
1075.0000
1148.0000
1182.0000
1130.0000
1000.0000
927.0000
832.0000
749.0000
739.0000
673.0000
545.0000
455.0000
371.0000
304.0000
256.0000
244.0000
208.0000
224.0000
247.0000
277.0000
306.0000
313.0000
323.0000
366.0000
359.0000
365.0000
405.0000
388.0000
424.0000
407.0000
385.0000
372.0000
388.0000
360.0000
323.0000
325.0000
333.0000
281.0000
255.0000
234.0000
230.0000
200.0000
195.0000
192.0000
171.0000
169.0000
182.0000
192.0000
195.0000
227.0000
246.0000
238.0000
253.0000
263.0000
254.0000
268.0000
299.0000
284.0000
313.0000
302.0000
287.0000
296.0000
286.0000
280.0000
250.0000
253.0000
263.0000
235.0000
250.0000
209.0000
212.0000
201.0000
195.0000
180.0000
196.0000
178.0000
158.0000
155.0000
163.0000
181.0000
170.0000
158.0000
169.0000
148.0000
134.0000
149.0000
126.0000
131.0000
116.0000
147.0000
141.0000
140.0000
126.0000
122.0000
131.0000
117.0000
113.0000
140.0000
145.0000
154.0000
168.0000
173.0000
173.0000
173.0000
170.0000
197.0000
200.0000
182.0000
186.0000
202.0000
200.0000
237.0000
236.0000
252.0000
239.0000
283.0000
376.0000
386.0000
491.0000
559.0000
708.0000
799.0000
830.0000
857.0000
776.0000
784.0000
682.0000
679.0000
659.0000
582.0000
512.0000
531.0000
442.0000
422.0000
315.0000
290.0000
239.0000
202.0000
223.0000
201.0000
186.0000
197.0000
191.0000
197.0000
192.0000
170.0000
169.0000
194.0000
189.0000
182.0000
196.0000
180.0000
209.0000
202.0000
200.0000
193.0000
191.0000
212.0000
204.0000
206.0000
177.0000
183.0000
189.0000
185.0000
163.0000
150.0000
150.0000
164.0000
157.0000
142.0000
122.0000
128.0000
137.0000
142.0000
152.0000
142.0000
127.0000
138.0000
132.0000
118.0000
134.0000
126.0000
126.0000
138.0000
124.0000
126.0000
137.0000
144.0000
126.0000
130.0000
134.0000
146.0000
124.0000
130.0000
157.0000
155.0000
152.0000
151.0000
152.0000
144.0000
139.0000
144.0000
154.0000
146.0000
142.0000
138.0000
150.0000
138.0000
144.0000
148.0000
151.0000
153.0000
162.0000
155.0000
160.0000
154.0000
149.0000
167.0000
168.0000
183.0000
159.0000
154.0000
154.0000
153.0000
147.0000
146.0000
161.0000
146.0000
160.0000
162.0000
158.0000
169.0000
189.0000
200.0000
242.0000
274.0000
308.0000
366.0000
392.0000
409.0000
397.0000
361.0000
342.0000
324.0000
318.0000
319.0000
307.0000
290.0000
275.0000
251.0000
221.0000
203.0000
180.0000
173.0000
173.0000
185.0000
189.0000
198.0000
230.0000
230.0000
234.0000
254.0000
247.0000
237.0000
248.0000
246.0000
235.0000
221.0000
208.0000
194.0000
191.0000
199.0000
193.0000
185.0000
180.0000
165.0000
151.0000
148.0000
142.0000
137.0000
143.0000
150.0000
138.0000
136.0000
153.0000
148.0000
141.0000
129.0000
132.0000
133.0000
131.0000
141.0000
148.0000
147.0000
133.0000
128.0000
126.0000
128.0000
137.0000
129.0000
139.0000
147.0000
133.0000
139.0000
137.0000
137.0000
136.0000
125.0000
127.0000
130.0000
138.0000
148.0000
144.0000
127.0000
131.0000
151.0000
152.0000
133.0000
127.0000
127.0000
120.0000
139.0000
162.0000
146.0000
138.0000
149.0000
146.0000
145.0000
136.0000
135.0000
142.0000
154.0000
140.0000
133.0000
134.0000
139.0000
132.0000
145.0000
152.0000
149.0000
159.0000
163.0000
163.0000
157.0000
154.0000
153.0000
147.0000
143.0000
150.0000
163.0000
163.0000
172.0000
188.0000
178.0000
178.0000
211.0000
219.0000
223.0000
253.0000
268.0000
286.0000
328.0000
373.0000
454.0000
542.0000
645.0000
810.0000
1015.0000
1156.0000
1354.0000
1435.0000
1458.0000
1438.0000
1284.0000
1142.0000
1041.0000
952.0000
957.0000
927.0000
794.0000
743.0000
629.0000
509.0000
425.0000
347.0000
289.0000
269.0000
247.0000
213.0000
206.0000
213.0000
180.0000
192.0000
165.0000
171.0000
170.0000
178.0000
175.0000
178.0000
154.0000
146.0000
143.0000
127.0000
128.0000
158.0000
160.0000
151.0000
143.0000
146.0000
154.0000
152.0000
144.0000
148.0000
138.0000
151.0000
154.0000
151.0000
149.0000
164.0000
179.0000
158.0000
160.0000
191.0000
158.0000
172.0000
184.0000
175.0000
203.0000
192.0000
193.0000
202.0000
203.0000
197.0000
189.0000
191.0000
187.0000
173.0000
179.0000
161.0000
164.0000
151.0000
155.0000
160.0000
141.0000
132.0000
124.0000
140.0000
138.0000
129.0000
118.0000
132.0000
121.0000
128.0000
125.0000
120.0000
126.0000
135.0000
163.0000
154.0000
146.0000
142.0000
127.0000
133.0000
158.0000
164.0000
150.0000
168.0000
155.0000
153.0000
154.0000
146.0000
154.0000
154.0000
184.0000
174.0000
201.0000
192.0000
200.0000
200.0000
191.0000
187.0000
226.0000
240.0000
249.0000
277.0000
253.0000
275.0000
325.0000
388.0000
451.0000
525.0000
625.0000
715.0000
732.0000
781.0000
694.0000
663.0000
635.0000
553.0000
487.0000
503.0000
461.0000
501.0000
474.0000
377.0000
328.0000
293.0000
261.0000
228.0000
225.0000
209.0000
186.0000
190.0000
200.0000
173.0000
166.0000
155.0000
176.0000
174.0000
152.0000
177.0000
148.0000
148.0000
144.0000
148.0000
157.0000
144.0000
150.0000
155.0000
160.0000
145.0000
166.0000
164.0000
143.0000
142.0000
146.0000
157.0000
172.0000
163.0000
162.0000
159.0000
168.0000
137.0000
155.0000
135.0000
149.0000
153.0000
168.0000
189.0000
170.0000
184.0000
207.0000
188.0000
210.0000
227.0000
219.0000
201.0000
243.0000
207.0000
248.0000
283.0000
270.0000
267.0000
281.0000
259.0000
250.0000
239.0000
234.0000
196.0000
254.0000
221.0000
201.0000
200.0000
188.0000
179.0000
173.0000
159.0000
200.0000
186.0000
198.0000
195.0000
181.0000
188.0000
221.0000
217.0000
199.0000
219.0000
215.0000
247.0000
188.0000
195.0000
204.0000
187.0000
208.0000
204.0000
184.0000
200.0000
213.0000
190.0000
189.0000
195.0000
165.0000
177.0000
202.0000
171.0000
193.0000
174.0000
157.0000
191.0000
178.0000
147.0000
145.0000
125.0000
150.0000
161.0000
160.0000
157.0000
158.0000
167.0000
152.0000
185.0000
176.0000
147.0000
176.0000
165.0000
173.0000
169.0000
187.0000
170.0000
161.0000
141.0000
154.0000
144.0000
164.0000
175.0000
152.0000
169.0000
152.0000
163.0000
151.0000
136.0000
149.0000
136.0000
137.0000
175.0000
163.0000
149.0000
184.0000
148.0000
147.0000
155.0000
152.0000
152.0000
130.0000
141.0000
146.0000
143.0000
130.0000
128.0000
138.0000
149.0000
151.0000
133.0000
150.0000
159.0000
159.0000
140.0000
171.0000
186.0000
174.0000
189.0000
164.0000
196.0000
189.0000
181.0000
207.0000
215.0000
186.0000
182.0000
222.0000
221.0000
223.0000
240.0000
235.0000
240.0000
226.0000
225.0000
246.0000
253.0000
257.0000
268.0000
259.0000
250.0000
276.0000
289.0000
284.0000
277.0000
312.0000
279.0000
267.0000
257.0000
240.0000
236.0000
225.0000
205.0000
236.0000
226.0000
230.0000
201.0000
190.0000
198.0000
177.0000
168.0000
164.0000
174.0000
156.0000
166.0000
173.0000
144.0000
149.0000
145.0000
160.0000
155.0000
152.0000
142.0000
160.0000
165.0000
153.0000
144.0000
150.0000
155.0000
157.0000
136.0000
151.0000
157.0000
155.0000
154.0000
147.0000
139.0000
158.0000
154.0000
161.0000
165.0000
161.0000
186.0000
168.0000
159.0000
140.0000
137.0000
161.0000
157.0000
164.0000
168.0000
168.0000
168.0000
