926.0000
1030.0000
945.0000
985.0000
981.0000
978.0000
941.0000
999.0000
948.0000
970.0000
1009.0000
1102.0000
1016.0000
966.0000
948.0000
937.0000
1050.0000
1007.0000
878.0000
861.0000
899.0000
885.0000
886.0000
941.0000
1005.0000
991.0000
998.0000
944.0000
961.0000
960.0000
917.0000
954.0000
970.0000
977.0000
960.0000
950.0000
881.0000
940.0000
956.0000
1047.0000
1046.0000
1043.0000
969.0000
962.0000
1004.0000
1010.0000
1028.0000
981.0000
965.0000
999.0000
1055.0000
1005.0000
915.0000
955.0000
1026.0000
974.0000
952.0000
937.0000
903.0000
907.0000
949.0000
934.0000
847.0000
823.0000
827.0000
774.0000
754.0000
792.0000
831.0000
764.0000
735.0000
716.0000
780.0000
755.0000
735.0000
787.0000
756.0000
748.0000
732.0000
656.0000
657.0000
694.0000
714.0000
662.0000
671.0000
714.0000
695.0000
640.0000
624.0000
628.0000
588.0000
581.0000
612.0000
588.0000
633.0000
606.0000
572.0000
579.0000
558.0000
578.0000
544.0000
508.0000
531.0000
587.0000
575.0000
489.0000
485.0000
526.0000
545.0000
549.0000
542.0000
541.0000
495.0000
484.0000
523.0000
527.0000
498.0000
519.0000
528.0000
489.0000
495.0000
501.0000
477.0000
473.0000
499.0000
463.0000
457.0000
463.0000
455.0000
483.0000
462.0000
446.0000
435.0000
439.0000
457.0000
461.0000
448.0000
410.0000
380.0000
387.0000
400.0000
437.0000
388.0000
376.0000
405.0000
402.0000
377.0000
386.0000
401.0000
398.0000
402.0000
401.0000
397.0000
378.0000
382.0000
397.0000
396.0000
356.0000
375.0000
356.0000
346.0000
352.0000
358.0000
360.0000
393.0000
385.0000
382.0000
399.0000
405.0000
395.0000
409.0000
397.0000
372.0000
362.0000
335.0000
352.0000
349.0000
372.0000
349.0000
368.0000
350.0000
379.0000
365.0000
354.0000
349.0000
369.0000
364.0000
348.0000
356.0000
345.0000
329.0000
343.0000
332.0000
304.0000
311.0000
330.0000
362.0000
339.0000
384.0000
352.0000
311.0000
350.0000
335.0000
330.0000
362.0000
368.0000
385.0000
341.0000
390.0000
383.0000
370.0000
375.0000
392.0000
301.0000
298.0000
350.0000
365.0000
366.0000
349.0000
349.0000
328.0000
313.0000
319.0000
336.0000
355.0000
354.0000
367.0000
302.0000
313.0000
332.0000
317.0000
264.0000
248.0000
252.0000
278.0000
272.0000
252.0000
249.0000
262.0000
241.0000
236.0000
257.0000
251.0000
243.0000
240.0000
266.0000
271.0000
235.0000
261.0000
249.0000
245.0000
235.0000
231.0000
253.0000
206.0000
244.0000
236.0000
234.0000
241.0000
235.0000
247.0000
218.0000
230.0000
199.0000
225.0000
205.0000
203.0000
202.0000
224.0000
209.0000
210.0000
226.0000
224.0000
186.0000
239.0000
223.0000
227.0000
236.0000
220.0000
198.0000
242.0000
232.0000
209.0000
214.0000
228.0000
225.0000
176.0000
190.0000
189.0000
220.0000
201.0000
211.0000
205.0000
189.0000
218.0000
208.0000
212.0000
203.0000
196.0000
186.0000
185.0000
215.0000
193.0000
193.0000
214.0000
199.0000
214.0000
181.0000
230.0000
197.0000
209.0000
208.0000
205.0000
171.0000
201.0000
218.0000
221.0000
198.0000
212.0000
202.0000
172.0000
170.0000
173.0000
189.0000
168.0000
176.0000
148.0000
180.0000
168.0000
163.0000
164.0000
188.0000
183.0000
220.0000
195.0000
208.0000
199.0000
182.0000
183.0000
167.0000
209.0000
161.0000
163.0000
194.0000
190.0000
171.0000
158.0000
174.0000
167.0000
195.0000
176.0000
180.0000
186.0000
191.0000
173.0000
159.0000
181.0000
199.0000
181.0000
178.0000
155.0000
170.0000
154.0000
174.0000
183.0000
186.0000
187.0000
165.0000
176.0000
159.0000
154.0000
146.0000
171.0000
185.0000
165.0000
154.0000
166.0000
164.0000
189.0000
164.0000
166.0000
151.0000
179.0000
163.0000
155.0000
152.0000
163.0000
162.0000
138.0000
151.0000
152.0000
144.0000
143.0000
137.0000
154.0000
170.0000
155.0000
159.0000
156.0000
124.0000
154.0000
162.0000
156.0000
170.0000
180.0000
179.0000
167.0000
182.0000
196.0000
187.0000
197.0000
187.0000
171.0000
175.0000
180.0000
221.0000
192.0000
210.0000
213.0000
234.0000
275.0000
252.0000
244.0000
240.0000
262.0000
245.0000
212.0000
196.0000
172.0000
182.0000
179.0000
168.0000
181.0000
178.0000
167.0000
165.0000
173.0000
158.0000
151.0000
153.0000
161.0000
153.0000
138.0000
136.0000
124.0000
121.0000
132.0000
142.0000
156.0000
143.0000
138.0000
127.0000
131.0000
137.0000
146.0000
137.0000
115.0000
126.0000
137.0000
129.0000
125.0000
140.0000
138.0000
122.0000
118.0000
135.0000
140.0000
131.0000
130.0000
126.0000
129.0000
132.0000
136.0000
141.0000
115.0000
124.0000
143.0000
129.0000
138.0000
136.0000
121.0000
113.0000
121.0000
126.0000
143.0000
138.0000
121.0000
123.0000
138.0000
148.0000
162.0000
159.0000
139.0000
126.0000
133.0000
144.0000
134.0000
125.0000
138.0000
135.0000
131.0000
132.0000
122.0000
121.0000
119.0000
120.0000
131.0000
135.0000
135.0000
131.0000
134.0000
143.0000
135.0000
134.0000
118.0000
116.0000
136.0000
139.0000
133.0000
119.0000
126.0000
135.0000
119.0000
124.0000
138.0000
130.0000
133.0000
131.0000
130.0000
135.0000
124.0000
115.0000
126.0000
134.0000
127.0000
126.0000
122.0000
124.0000
130.0000
119.0000
113.0000
98.0000
105.0000
112.0000
119.0000
119.0000
116.0000
112.0000
137.0000
148.0000
138.0000
123.0000
112.0000
114.0000
111.0000
113.0000
110.0000
95.0000
107.0000
117.0000
116.0000
115.0000
111.0000
111.0000
115.0000
132.0000
121.0000
112.0000
119.0000
126.0000
111.0000
108.0000
119.0000
125.0000
134.0000
123.0000
103.0000
123.0000
118.0000
104.0000
115.0000
123.0000
118.0000
119.0000
124.0000
122.0000
97.0000
107.0000
120.0000
117.0000
125.0000
114.0000
117.0000
120.0000
119.0000
109.0000
123.0000
113.0000
112.0000
124.0000
119.0000
117.0000
114.0000
109.0000
115.0000
116.0000
115.0000
118.0000
120.0000
125.0000
115.0000
111.0000
115.0000
107.0000
125.0000
117.0000
124.0000
119.0000
132.0000
135.0000
118.0000
123.0000
136.0000
144.0000
146.0000
139.0000
120.0000
120.0000
117.0000
125.0000
113.0000
108.0000
126.0000
128.0000
112.0000
117.0000
118.0000
110.0000
110.0000
109.0000
105.0000
115.0000
120.0000
104.0000
102.0000
107.0000
114.0000
114.0000
117.0000
110.0000
135.0000
116.0000
121.0000
100.0000
122.0000
127.0000
104.0000
98.0000
111.0000
135.0000
135.0000
117.0000
108.0000
115.0000
125.0000
110.0000
121.0000
125.0000
126.0000
140.0000
137.0000
122.0000
124.0000
141.0000
132.0000
159.0000
153.0000
159.0000
156.0000
174.0000
161.0000
185.0000
209.0000
246.0000
250.0000
250.0000
234.0000
229.0000
243.0000
237.0000
202.0000
171.0000
164.0000
172.0000
171.0000
151.0000
145.0000
157.0000
156.0000
185.0000
172.0000
180.0000
175.0000
186.0000
195.0000
200.0000
241.0000
252.0000
240.0000
224.0000
224.0000
205.0000
224.0000
180.0000
170.0000
185.0000
172.0000
166.0000
146.0000
155.0000
147.0000
167.0000
151.0000
147.0000
156.0000
161.0000
159.0000
168.0000
179.0000
162.0000
178.0000
195.0000
210.0000
190.0000
200.0000
195.0000
206.0000
189.0000
214.0000
193.0000
181.0000
199.0000
192.0000
189.0000
168.0000
176.0000
184.0000
190.0000
162.0000
169.0000
153.0000
146.0000
135.0000
143.0000
159.0000
139.0000
162.0000
144.0000
149.0000
142.0000
148.0000
161.0000
141.0000
154.0000
155.0000
198.0000
197.0000
172.0000
199.0000
171.0000
173.0000
175.0000
187.0000
184.0000
198.0000
212.0000
240.0000
226.0000
275.0000
286.0000
337.0000
374.0000
453.0000
465.0000
422.0000
421.0000
406.0000
313.0000
256.0000
218.0000
187.0000
206.0000
187.0000
198.0000
180.0000
178.0000
200.0000
153.0000
175.0000
158.0000
155.0000
178.0000
157.0000
147.0000
140.0000
153.0000
154.0000
141.0000
151.0000
131.0000
149.0000
152.0000
152.0000
177.0000
156.0000
141.0000
145.0000
141.0000
163.0000
144.0000
159.0000
159.0000
172.0000
153.0000
191.0000
178.0000
219.0000
200.0000
211.0000
232.0000
276.0000
300.0000
349.0000
394.0000
423.0000
497.0000
543.0000
620.0000
661.0000
620.0000
575.0000
526.0000
455.0000
378.0000
283.0000
231.0000
216.0000
174.0000
182.0000
191.0000
186.0000
135.0000
158.0000
144.0000
155.0000
155.0000
152.0000
142.0000
137.0000
147.0000
148.0000
141.0000
142.0000
161.0000
140.0000
148.0000
161.0000
159.0000
168.0000
160.0000
172.0000
165.0000
194.0000
197.0000
177.0000
218.0000
210.0000
206.0000
225.0000
225.0000
221.0000
217.0000
219.0000
192.0000
188.0000
167.0000
147.0000
150.0000
164.0000
161.0000
149.0000
147.0000
153.0000
136.0000
138.0000
130.0000
135.0000
148.0000
150.0000
120.0000
126.0000
147.0000
144.0000
168.0000
139.0000
155.0000
173.0000
166.0000
174.0000
168.0000
169.0000
189.0000
247.0000
262.0000
264.0000
311.0000
365.0000
389.0000
431.0000
450.0000
521.0000
582.0000
560.0000
571.0000
543.0000
499.0000
471.0000
402.0000
352.0000
308.0000
270.0000
244.0000
207.0000
191.0000
171.0000
154.0000
166.0000
166.0000
156.0000
155.0000
162.0000
157.0000
151.0000
149.0000
151.0000
158.0000
173.0000
178.0000
188.0000
165.0000
173.0000
187.0000
180.0000
199.0000
199.0000
209.0000
255.0000
256.0000
328.0000
345.0000
339.0000
365.0000
403.0000
422.0000
455.0000
428.0000
394.0000
373.0000
383.0000
325.0000
291.0000
256.0000
236.0000
205.0000
182.0000
175.0000
151.0000
148.0000
157.0000
150.0000
153.0000
164.0000
151.0000
148.0000
155.0000
156.0000
136.0000
144.0000
148.0000
135.0000
136.0000
133.0000
145.0000
145.0000
149.0000
151.0000
165.0000
160.0000
145.0000
151.0000
141.0000
166.0000
174.0000
159.0000
158.0000
174.0000
194.0000
195.0000
209.0000
220.0000
250.0000
288.0000
358.0000
438.0000
525.0000
609.0000
718.0000
834.0000
932.0000
1008.0000
1024.0000
925.0000
822.0000
693.0000
568.0000
461.0000
367.0000
310.0000
268.0000
244.0000
228.0000
217.0000
195.0000
179.0000
191.0000
188.0000
202.0000
189.0000
182.0000
196.0000
185.0000
176.0000
171.0000
172.0000
176.0000
178.0000
159.0000
157.0000
173.0000
187.0000
183.0000
176.0000
201.0000
215.0000
216.0000
232.0000
246.0000
268.0000
315.0000
350.0000
389.0000
424.0000
494.0000
558.0000
600.0000
658.0000
743.0000
877.0000
1046.0000
1255.0000
1448.0000
1562.0000
1696.0000
1732.0000
1661.0000
1492.0000
1214.0000
911.0000
695.0000
547.0000
415.0000
353.0000
329.0000
333.0000
336.0000
320.0000
332.0000
306.0000
272.0000
273.0000
281.0000
271.0000
254.0000
254.0000
247.0000
215.0000
216.0000
231.0000
228.0000
225.0000
230.0000
244.0000
262.0000
263.0000
286.0000
312.0000
319.0000
362.0000
405.0000
415.0000
478.0000
531.0000
604.0000
685.0000
710.0000
756.0000
787.0000
836.0000
894.0000
912.0000
940.0000
960.0000
963.0000
941.0000
951.0000
1055.0000
1141.0000
1200.0000
1366.0000
1511.0000
1596.0000
1698.0000
1728.0000
1671.0000
1610.0000
1526.0000
1452.0000
1443.0000
1475.0000
1527.0000
1559.0000
1652.0000
1729.0000
1680.0000
1515.0000
1296.0000
1079.0000
887.0000
725.0000
601.0000
497.0000
418.0000
365.0000
340.0000
354.0000
342.0000
306.0000
315.0000
347.0000
369.0000
388.0000
419.0000
449.0000
471.0000
450.0000
393.0000
380.0000
353.0000
300.0000
272.0000
241.0000
209.0000
211.0000
208.0000
181.0000
171.0000
165.0000
167.0000
158.0000
151.0000
158.0000
155.0000
161.0000
155.0000
146.0000
148.0000
152.0000
143.0000
142.0000
142.0000
153.0000
159.0000
147.0000
159.0000
164.0000
165.0000
165.0000
175.0000
182.0000
169.0000
172.0000
192.0000
202.0000
200.0000
211.0000
247.0000
267.0000
298.0000
336.0000
341.0000
358.0000
402.0000
437.0000
450.0000
476.0000
483.0000
510.0000
533.0000
529.0000
588.0000
637.0000
641.0000
688.0000
786.0000
879.0000
941.0000
990.0000
1091.0000
1190.0000
1270.0000
1304.0000
1265.0000
1282.0000
1239.0000
1071.0000
928.0000
800.0000
684.0000
624.0000
553.0000
507.0000
493.0000
486.0000
464.0000
497.0000
523.0000
557.0000
590.0000
633.0000
688.0000
726.0000
818.0000
903.0000
958.0000
968.0000
986.0000
935.0000
865.0000
823.0000
749.0000
684.0000
648.0000
629.0000
549.0000
495.0000
484.0000
470.0000
448.0000
427.0000
400.0000
394.0000
403.0000
428.0000
452.0000
471.0000
498.0000
542.0000
593.0000
604.0000
704.0000
736.0000
742.0000
785.0000
855.0000
835.0000
764.0000
767.0000
772.0000
692.0000
658.0000
606.0000
537.0000
475.0000
424.0000
356.0000
325.0000
275.0000
250.0000
264.0000
257.0000
200.0000
203.0000
207.0000
191.0000
197.0000
198.0000
185.0000
202.0000
227.0000
239.0000
242.0000
249.0000
293.0000
272.0000
308.0000
356.0000
353.0000
356.0000
352.0000
361.0000
326.0000
271.0000
280.0000
265.0000
222.0000
221.0000
208.0000
200.0000
208.0000
185.0000
179.0000
175.0000
165.0000
150.0000
163.0000
136.0000
136.0000
136.0000
140.0000
123.0000
125.0000
119.0000
113.0000
114.0000
121.0000
115.0000
116.0000
110.0000
114.0000
104.0000
129.0000
118.0000
124.0000
130.0000
110.0000
124.0000
136.0000
121.0000
133.0000
114.0000
119.0000
113.0000
131.0000
124.0000
136.0000
163.0000
147.0000
163.0000
156.0000
152.0000
144.0000
161.0000
151.0000
139.0000
148.0000
155.0000
141.0000
139.0000
150.0000
164.0000
165.0000
169.0000
139.0000
135.0000
165.0000
176.0000
163.0000
160.0000
150.0000
142.0000
150.0000
129.0000
139.0000
112.0000
117.0000
129.0000
126.0000
122.0000
122.0000
116.0000
110.0000
106.0000
110.0000
120.0000
105.0000
108.0000
102.0000
117.0000
110.0000
110.0000
104.0000
107.0000
99.0000
99.0000
114.0000
95.0000
102.0000
101.0000
104.0000
130.0000
116.0000
132.0000
129.0000
135.0000
182.0000
190.0000
195.0000
202.0000
210.0000
210.0000
212.0000
193.0000
177.0000
187.0000
166.0000
151.0000
144.0000
157.0000
149.0000
145.0000
138.0000
109.0000
147.0000
126.0000
126.0000
119.0000
135.0000
130.0000
140.0000
128.0000
150.0000
116.0000
143.0000
135.0000
153.0000
155.0000
133.0000
139.0000
159.0000
153.0000
172.0000
160.0000
174.0000
186.0000
167.0000
188.0000
179.0000
190.0000
198.0000
199.0000
180.0000
239.0000
233.0000
246.0000
259.0000
279.0000
240.0000
347.0000
299.0000
371.0000
376.0000
449.0000
445.0000
487.0000
629.0000
621.0000
599.0000
646.0000
648.0000
674.0000
687.0000
680.0000
802.0000
909.0000
977.0000
1186.0000
1404.0000
1502.0000
1580.0000
1573.0000
1523.0000
1428.0000
1181.0000
1035.0000
958.0000
864.0000
719.0000
584.0000
622.0000
636.0000
656.0000
748.0000
810.0000
830.0000
1003.0000
1033.0000
1225.0000
1186.0000
1253.0000
1239.0000
1247.0000
1232.0000
1198.0000
1172.0000
1143.0000
1095.0000
1047.0000
969.0000
916.0000
872.0000
802.0000
726.0000
647.0000
538.0000
532.0000
425.0000
401.0000
379.0000
328.0000
356.0000
298.0000
313.0000
292.0000
281.0000
284.0000
288.0000
278.0000
275.0000
238.0000
276.0000
267.0000
297.0000
266.0000
277.0000
249.0000
252.0000
272.0000
272.0000
255.0000
253.0000
272.0000
269.0000
285.0000
258.0000
264.0000
295.0000
272.0000
259.0000
286.0000
267.0000
267.0000
245.0000
241.0000
227.0000
221.0000
172.0000
216.0000
199.0000
191.0000
198.0000
187.0000
198.0000
182.0000
181.0000
184.0000
160.0000
155.0000
152.0000
137.0000
136.0000
130.0000
131.0000
147.0000
154.0000
141.0000
150.0000
154.0000
156.0000
152.0000
183.0000
163.0000
154.0000
151.0000
166.0000
148.0000
146.0000
155.0000
152.0000
141.0000
148.0000
172.0000
144.0000
158.0000
161.0000
158.0000
153.0000
163.0000
157.0000
164.0000
172.0000
199.0000
231.0000
243.0000
267.0000
309.0000
369.0000
437.0000
517.0000
534.0000
604.0000
612.0000
573.0000
514.0000
456.0000
447.0000
383.0000
330.0000
284.0000
230.0000
199.0000
164.0000
130.0000
135.0000
135.0000
129.0000
125.0000
126.0000
135.0000
134.0000
124.0000
126.0000
114.0000
102.0000
121.0000
127.0000
117.0000
120.0000
116.0000
118.0000
127.0000
114.0000
104.0000
98.0000
93.0000
106.0000
112.0000
104.0000
92.0000
98.0000
83.0000
98.0000
104.0000
102.0000
112.0000
104.0000
103.0000
109.0000
117.0000
121.0000
126.0000
127.0000
113.0000
116.0000
152.0000
161.0000
148.0000
135.0000
135.0000
140.0000
143.0000
164.0000
187.0000
212.0000
210.0000
192.0000
193.0000
205.0000
241.0000
271.0000
269.0000
274.0000
254.0000
240.0000
243.0000
235.0000
241.0000
227.0000
215.0000
219.0000
206.0000
215.0000
222.0000
215.0000
206.0000
226.0000
228.0000
216.0000
201.0000
189.0000
184.0000
176.0000
168.0000
155.0000
149.0000
149.0000
130.0000
135.0000
153.0000
164.0000
149.0000
150.0000
149.0000
139.0000
151.0000
147.0000
130.0000
128.0000
131.0000
129.0000
147.0000
133.0000
112.0000
121.0000
127.0000
123.0000
123.0000
127.0000
127.0000
123.0000
133.0000
139.0000
134.0000
145.0000
149.0000
163.0000
179.0000
176.0000
173.0000
180.0000
177.0000
184.0000
182.0000
171.0000
174.0000
169.0000
177.0000
186.0000
192.0000
185.0000
184.0000
188.0000
194.0000
203.0000
211.0000
228.0000
230.0000
252.0000
278.0000
256.0000
233.0000
252.0000
260.0000
257.0000
250.0000
230.0000
226.0000
223.0000
218.0000
206.0000
199.0000
197.0000
198.0000
202.0000
204.0000
207.0000
198.0000
173.0000
158.0000
156.0000
157.0000
154.0000
136.0000
137.0000
128.0000
129.0000
137.0000
133.0000
130.0000
128.0000
125.0000
136.0000
139.0000
129.0000
116.0000
117.0000
132.0000
133.0000
133.0000
124.0000
121.0000
136.0000
144.0000
148.0000
165.0000
166.0000
177.0000
180.0000
190.0000
197.0000
207.0000
222.0000
219.0000
242.0000
259.0000
255.0000
238.0000
258.0000
254.0000
251.0000
242.0000
236.0000
255.0000
266.0000
268.0000
258.0000
277.0000
295.0000
313.0000
337.0000
364.0000
423.0000
434.0000
433.0000
476.0000
458.0000
490.0000
470.0000
480.0000
480.0000
453.0000
477.0000
471.0000
449.0000
420.0000
416.0000
383.0000
359.0000
352.0000
327.0000
292.0000
293.0000
284.0000
288.0000
272.0000
277.0000
234.0000
260.0000
283.0000
291.0000
319.0000
326.0000
312.0000
316.0000
330.0000
317.0000
328.0000
316.0000
330.0000
318.0000
313.0000
280.0000
297.0000
288.0000
315.0000
302.0000
304.0000
285.0000
312.0000
309.0000
296.0000
329.0000
361.0000
431.0000
548.0000
691.0000
865.0000
1013.0000
1168.0000
1341.0000
1317.0000
1337.0000
1275.0000
1146.0000
888.0000
812.0000
733.0000
654.0000
526.0000
461.0000
325.0000
277.0000
229.0000
226.0000
188.0000
199.0000
190.0000
177.0000
167.0000
163.0000
160.0000
156.0000
156.0000
138.0000
136.0000
158.0000
152.0000
148.0000
142.0000
157.0000
134.0000
147.0000
147.0000
141.0000
150.0000
146.0000
153.0000
159.0000
183.0000
186.0000
149.0000
187.0000
197.0000
222.0000
227.0000
234.0000
239.0000
228.0000
249.0000
276.0000
234.0000
249.0000
276.0000
258.0000
242.0000
237.0000
220.0000
235.0000
240.0000
208.0000
176.0000
213.0000
190.0000
193.0000
200.0000
188.0000
180.0000
193.0000
190.0000
196.0000
226.0000
227.0000
252.0000
256.0000
248.0000
270.0000
259.0000
252.0000
281.0000
249.0000
249.0000
219.0000
212.0000
236.0000
207.0000
231.0000
219.0000
221.0000
228.0000
226.0000
244.0000
221.0000
249.0000
251.0000
241.0000
279.0000
255.0000
239.0000
234.0000
237.0000
203.0000
211.0000
211.0000
195.0000
176.0000
174.0000
165.0000
158.0000
168.0000
160.0000
161.0000
168.0000
154.0000
152.0000
158.0000
151.0000
146.0000
175.0000
167.0000
151.0000
157.0000
172.0000
186.0000
174.0000
177.0000
180.0000
176.0000
172.0000
173.0000
172.0000
187.0000
191.0000
214.0000
215.0000
195.0000
188.0000
180.0000
168.0000
194.0000
183.0000
168.0000
166.0000
152.0000
168.0000
159.0000
138.0000
126.0000
127.0000
130.0000
138.0000
131.0000
124.0000
110.0000
105.0000
105.0000
100.0000
102.0000
112.0000
105.0000
116.0000
107.0000
122.0000
114.0000
119.0000
98.0000
98.0000
80.0000
92.0000
111.0000
96.0000
98.0000
100.0000
98.0000
108.0000
107.0000
112.0000
108.0000
104.0000
108.0000
115.0000
136.0000
137.0000
131.0000
147.0000
150.0000
162.0000
159.0000
155.0000
166.0000
172.0000
162.0000
143.0000
137.0000
142.0000
134.0000
126.0000
115.0000
117.0000
106.0000
106.0000
99.0000
98.0000
113.0000
99.0000
94.0000
96.0000
100.0000
106.0000
96.0000
101.0000
95.0000
83.0000
90.0000
93.0000
93.0000
90.0000
82.0000
87.0000
90.0000
86.0000
99.0000
97.0000
95.0000
105.0000
95.0000
83.0000
89.0000
102.0000
108.0000
109.0000
100.0000
92.0000
103.0000
102.0000
91.0000
80.0000
80.0000
80.0000
86.0000
95.0000
94.0000
109.0000
120.0000
118.0000
111.0000
117.0000
117.0000
121.0000
133.0000
138.0000
136.0000
149.0000
156.0000
161.0000
152.0000
162.0000
161.0000
160.0000
151.0000
137.0000
135.0000
130.0000
133.0000
129.0000
115.0000
103.0000
100.0000
105.0000
111.0000
116.0000
119.0000
114.0000
105.0000
121.0000
124.0000
109.0000
113.0000
121.0000
130.0000
138.0000
135.0000
124.0000
134.0000
145.0000
131.0000
132.0000
135.0000
143.0000
152.0000
146.0000
149.0000
153.0000
152.0000
156.0000
170.0000
185.0000
184.0000
168.0000
165.0000
159.0000
153.0000
158.0000
151.0000
145.0000
151.0000
163.0000
160.0000
155.0000
163.0000
186.0000
188.0000
200.0000
232.0000
241.0000
262.0000
274.0000
258.0000
270.0000
273.0000
250.0000
232.0000
221.0000
228.0000
219.0000
210.0000
192.0000
186.0000
197.0000
191.0000
192.0000
184.0000
180.0000
181.0000
192.0000
209.0000
210.0000
221.0000
251.0000
261.0000
269.0000
276.0000
291.0000
267.0000
244.0000
238.0000
252.0000
252.0000
235.0000
206.0000
197.0000
173.0000
176.0000
163.0000
161.0000
151.0000
130.0000
135.0000
136.0000
128.0000
129.0000
147.0000
152.0000
154.0000
132.0000
145.0000
165.0000
175.0000
172.0000
190.0000
210.0000
221.0000
220.0000
226.0000
214.0000
203.0000
233.0000
212.0000
208.0000
186.0000
173.0000
144.0000
142.0000
147.0000
156.0000
131.0000
128.0000
122.0000
130.0000
109.0000
146.0000
109.0000
112.0000
118.0000
126.0000
128.0000
129.0000
141.0000
128.0000
138.0000
132.0000
146.0000
161.0000
162.0000
185.0000
183.0000
212.0000
217.0000
227.0000
263.0000
266.0000
273.0000
268.0000
258.0000
219.0000
235.0000
199.0000
202.0000
194.0000
200.0000
183.0000
161.0000
156.0000
144.0000
158.0000
143.0000
160.0000
147.0000
175.0000
160.0000
184.0000
170.0000
187.0000
197.0000
203.0000
223.0000
248.0000
243.0000
233.0000
243.0000
251.0000
234.0000
228.0000
244.0000
231.0000
230.0000
225.0000
226.0000
222.0000
222.0000
234.0000
243.0000
231.0000
261.0000
270.0000
289.0000
344.0000
398.0000
456.0000
537.0000
567.0000
606.0000
652.0000
588.0000
498.0000
517.0000
442.0000
435.0000
421.0000
394.0000
384.0000
302.0000
264.0000
240.0000
184.0000
181.0000
150.0000
167.0000
139.0000
156.0000
136.0000
143.0000
133.0000
155.0000
140.0000
137.0000
160.0000
140.0000
136.0000
151.0000
155.0000
161.0000
169.0000
167.0000
147.0000
187.0000
153.0000
157.0000
175.0000
166.0000
175.0000
174.0000
140.0000
169.0000
181.0000
158.0000
164.0000
173.0000
177.0000
147.0000
156.0000
147.0000
150.0000
155.0000
167.0000
163.0000
146.0000
141.0000
127.0000
118.0000
142.0000
117.0000
120.0000
117.0000
126.0000
120.0000
101.0000
109.0000
114.0000
130.0000
111.0000
96.0000
102.0000
129.0000
107.0000
93.0000
107.0000
117.0000
111.0000
113.0000
121.0000
103.0000
119.0000
120.0000
127.0000
126.0000
108.0000
109.0000
110.0000
123.0000
131.0000
133.0000
123.0000
129.0000
130.0000
121.0000
126.0000
146.0000
156.0000
145.0000
126.0000
126.0000
122.0000
136.0000
147.0000
168.0000
155.0000
139.0000
132.0000
144.0000
158.0000
147.0000
152.0000
167.0000
171.0000
177.0000
204.0000
211.0000
197.0000
187.0000
182.0000
171.0000
174.0000
176.0000
166.0000
162.0000
149.0000
152.0000
133.0000
129.0000
135.0000
134.0000
125.0000
138.0000
144.0000
142.0000
136.0000
136.0000
148.0000
154.0000
133.0000
139.0000
149.0000
154.0000
161.0000
152.0000
138.0000
124.0000
131.0000
136.0000
131.0000
116.0000
119.0000
128.0000
117.0000
106.0000
116.0000
119.0000
109.0000
104.0000
101.0000
114.0000
114.0000
109.0000
109.0000
110.0000
109.0000
104.0000
109.0000
122.0000
120.0000
104.0000
109.0000
116.0000
107.0000
105.0000
118.0000
124.0000
125.0000
120.0000
110.0000
132.0000
140.0000
134.0000
146.0000
156.0000
165.0000
169.0000
176.0000
176.0000
180.0000
210.0000
235.0000
237.0000
252.0000
269.0000
293.0000
339.0000
359.0000
361.0000
382.0000
396.0000
389.0000
415.0000
406.0000
382.0000
372.0000
392.0000
381.0000
347.0000
335.0000
310.0000
315.0000
320.0000
278.0000
267.0000
276.0000
251.0000
259.0000
269.0000
259.0000
254.0000
258.0000
260.0000
248.0000
235.0000
230.0000
229.0000
219.0000
214.0000
231.0000
220.0000
203.0000
202.0000
204.0000
197.0000
210.0000
225.0000
235.0000
252.0000
274.0000
312.0000
368.0000
435.0000
536.0000
673.0000
796.0000
960.0000
1115.0000
1154.0000
1122.0000
1032.0000
894.0000
799.0000
771.0000
757.0000
728.0000
672.0000
626.0000
529.0000
424.0000
360.0000
301.0000
240.0000
201.0000
185.0000
168.0000
156.0000
150.0000
164.0000
166.0000
141.0000
133.0000
152.0000
135.0000
119.0000
128.0000
129.0000
131.0000
144.0000
127.0000
124.0000
130.0000
127.0000
118.0000
116.0000
131.0000
114.0000
106.0000
107.0000
120.0000
120.0000
111.0000
114.0000
110.0000
114.0000
116.0000
105.0000
103.0000
93.0000
100.0000
90.0000
103.0000
107.0000
107.0000
114.0000
123.0000
110.0000
99.0000
106.0000
113.0000
121.0000
132.0000
119.0000
120.0000
107.0000
115.0000
117.0000
110.0000
113.0000
132.0000
131.0000
119.0000
123.0000
112.0000
141.0000
137.0000
146.0000
147.0000
129.0000
136.0000
148.0000
134.0000
153.0000
137.0000
139.0000
143.0000
146.0000
110.0000
141.0000
129.0000
127.0000
129.0000
110.0000
139.0000
134.0000
145.0000
142.0000
135.0000
135.0000
150.0000
132.0000
138.0000
158.0000
156.0000
147.0000
133.0000
142.0000
140.0000
161.0000
161.0000
154.0000
189.0000
168.0000
175.0000
144.0000
181.0000
206.0000
205.0000
244.0000
253.0000
246.0000
243.0000
271.0000
251.0000
241.0000
241.0000
245.0000
256.0000
233.0000
224.0000
221.0000
211.0000
186.0000
193.0000
189.0000
177.0000
196.0000
195.0000
201.0000
175.0000
192.0000
177.0000
180.0000
183.0000
202.0000
196.0000
185.0000
199.0000
220.0000
188.0000
197.0000
196.0000
186.0000
203.0000
200.0000
201.0000
201.0000
173.0000
209.0000
190.0000
212.0000
172.0000
179.0000
169.0000
166.0000
159.0000
177.0000
183.0000
184.0000
179.0000
193.0000
168.0000
202.0000
198.0000
166.0000
178.0000
162.0000
197.0000
196.0000
189.0000
199.0000
215.0000
186.0000
210.0000
190.0000
216.0000
213.0000
269.0000
259.0000
249.0000
246.0000
221.0000
227.0000
226.0000
210.0000
220.0000
226.0000
223.0000
208.0000
205.0000
234.0000
220.0000
225.0000
246.0000
252.0000
226.0000
228.0000
200.0000
198.0000
190.0000
217.0000
212.0000
209.0000
196.0000
205.0000
211.0000
190.0000
203.0000
225.0000
217.0000
220.0000
233.0000
208.0000
224.0000
194.0000
224.0000
235.0000
223.0000
247.0000
245.0000
263.0000
283.0000
263.0000
249.0000
255.0000
272.0000
265.0000
240.0000
243.0000
285.0000
251.0000
260.0000
264.0000
244.0000
260.0000
263.0000
244.0000
230.0000
221.0000
205.0000
207.0000
223.0000
211.0000
208.0000
208.0000
184.0000
200.0000
190.0000
185.0000
180.0000
164.0000
148.0000
168.0000
165.0000
161.0000
166.0000
181.0000
157.0000
151.0000
138.0000
136.0000
153.0000
139.0000
144.0000
142.0000
159.0000
146.0000
139.0000
141.0000
119.0000
137.0000
131.0000
140.0000
145.0000
137.0000
133.0000
131.0000
127.0000
129.0000
137.0000
129.0000
122.0000
114.0000
119.0000
129.0000
120.0000
115.0000
120.0000
125.0000
113.0000
123.0000
124.0000
121.0000
113.0000
124.0000
110.0000
119.0000
115.0000
125.0000
112.0000
115.0000
117.0000
119.0000
132.0000
124.0000
131.0000
135.0000
137.0000
131.0000
119.0000
139.0000
163.0000
151.0000
151.0000
148.0000
144.0000
141.0000
147.0000
138.0000
124.0000
123.0000
134.0000
136.0000
134.0000
137.0000
151.0000
163.0000
132.0000
125.0000
127.0000
125.0000
126.0000
119.0000
114.0000
133.0000
130.0000
123.0000
108.0000
125.0000
119.0000
142.0000
115.0000
115.0000
107.0000
126.0000
109.0000
111.0000
111.0000
96.0000
106.0000
111.0000
112.0000
114.0000
100.0000
102.0000
103.0000
127.0000
109.0000
106.0000
113.0000
116.0000
118.0000
106.0000
117.0000
119.0000
111.0000
117.0000
125.0000
115.0000
111.0000
111.0000
111.0000
