851.0000
952.0000
815.0000
989.0000
882.0000
860.0000
901.0000
843.0000
941.0000
890.0000
847.0000
909.0000
912.0000
863.0000
813.0000
863.0000
800.0000
860.0000
829.0000
781.0000
737.0000
734.0000
820.0000
780.0000
753.0000
720.0000
832.0000
822.0000
833.0000
803.0000
777.0000
758.0000
762.0000
759.0000
736.0000
695.0000
705.0000
752.0000
723.0000
698.0000
773.0000
725.0000
713.0000
752.0000
730.0000
744.0000
744.0000
733.0000
724.0000
731.0000
713.0000
757.0000
807.0000
743.0000
710.0000
680.0000
677.0000
706.0000
679.0000
686.0000
615.0000
625.0000
640.0000
671.0000
630.0000
596.0000
588.0000
648.0000
661.0000
603.0000
619.0000
623.0000
621.0000
578.0000
533.0000
586.0000
604.0000
571.0000
555.0000
542.0000
541.0000
547.0000
574.0000
555.0000
540.0000
535.0000
528.0000
496.0000
517.0000
529.0000
530.0000
518.0000
557.0000
566.0000
516.0000
498.0000
510.0000
549.0000
531.0000
500.0000
512.0000
527.0000
523.0000
511.0000
496.0000
505.0000
509.0000
542.0000
558.0000
510.0000
501.0000
510.0000
477.0000
466.0000
503.0000
489.0000
482.0000
486.0000
452.0000
438.0000
470.0000
509.0000
510.0000
498.0000
475.0000
451.0000
455.0000
443.0000
467.0000
513.0000
501.0000
451.0000
430.0000
454.0000
474.0000
459.0000
436.0000
454.0000
462.0000
473.0000
465.0000
452.0000
443.0000
440.0000
431.0000
435.0000
479.0000
511.0000
434.0000
414.0000
441.0000
459.0000
448.0000
433.0000
486.0000
429.0000
458.0000
487.0000
517.0000
482.0000
426.0000
461.0000
469.0000
509.0000
503.0000
486.0000
478.0000
468.0000
543.0000
566.0000
558.0000
521.0000
578.0000
583.0000
544.0000
572.0000
610.0000
613.0000
635.0000
608.0000
621.0000
618.0000
554.0000
537.0000
469.0000
447.0000
416.0000
434.0000
420.0000
360.0000
361.0000
333.0000
321.0000
369.0000
337.0000
355.0000
371.0000
387.0000
311.0000
329.0000
332.0000
311.0000
329.0000
338.0000
338.0000
345.0000
332.0000
380.0000
365.0000
344.0000
319.0000
330.0000
320.0000
311.0000
324.0000
311.0000
345.0000
332.0000
353.0000
363.0000
366.0000
434.0000
426.0000
423.0000
424.0000
409.0000
452.0000
533.0000
438.0000
402.0000
304.0000
324.0000
341.0000
310.0000
276.0000
289.0000
287.0000
315.0000
320.0000
327.0000
362.0000
377.0000
384.0000
356.0000
350.0000
423.0000
467.0000
483.0000
529.0000
556.0000
630.0000
599.0000
685.0000
832.0000
961.0000
992.0000
1202.0000
1401.0000
1645.0000
1798.0000
2129.0000
2219.0000
2473.0000
2210.0000
1922.0000
1581.0000
1232.0000
877.0000
597.0000
432.0000
381.0000
307.0000
356.0000
270.0000
273.0000
251.0000
247.0000
211.0000
198.0000
228.0000
252.0000
241.0000
204.0000
231.0000
203.0000
231.0000
218.0000
219.0000
195.0000
205.0000
206.0000
211.0000
186.0000
184.0000
210.0000
206.0000
209.0000
207.0000
179.0000
169.0000
204.0000
183.0000
195.0000
174.0000
196.0000
194.0000
180.0000
176.0000
223.0000
184.0000
170.0000
222.0000
193.0000
181.0000
214.0000
185.0000
177.0000
158.0000
201.0000
194.0000
177.0000
160.0000
183.0000
160.0000
150.0000
164.0000
192.0000
165.0000
171.0000
171.0000
181.0000
192.0000
175.0000
162.0000
157.0000
131.0000
158.0000
170.0000
169.0000
168.0000
173.0000
185.0000
155.0000
183.0000
179.0000
171.0000
163.0000
190.0000
181.0000
173.0000
187.0000
188.0000
200.0000
203.0000
186.0000
195.0000
181.0000
185.0000
197.0000
226.0000
235.0000
249.0000
222.0000
246.0000
227.0000
236.0000
205.0000
205.0000
215.0000
177.0000
169.0000
161.0000
156.0000
185.0000
162.0000
148.0000
164.0000
170.0000
183.0000
149.0000
150.0000
156.0000
152.0000
163.0000
137.0000
158.0000
172.0000
145.0000
148.0000
162.0000
152.0000
159.0000
159.0000
163.0000
145.0000
160.0000
138.0000
130.0000
140.0000
164.0000
167.0000
148.0000
148.0000
143.0000
150.0000
151.0000
143.0000
130.0000
142.0000
158.0000
154.0000
157.0000
157.0000
158.0000
165.0000
174.0000
188.0000
185.0000
179.0000
211.0000
193.0000
187.0000
210.0000
231.0000
260.0000
261.0000
262.0000
282.0000
308.0000
336.0000
398.0000
394.0000
376.0000
385.0000
394.0000
351.0000
286.0000
266.0000
235.0000
212.0000
184.0000
186.0000
173.0000
146.0000
127.0000
128.0000
145.0000
126.0000
115.0000
143.0000
144.0000
137.0000
152.0000
132.0000
126.0000
121.0000
122.0000
131.0000
120.0000
119.0000
133.0000
128.0000
114.0000
118.0000
122.0000
132.0000
141.0000
129.0000
128.0000
141.0000
142.0000
138.0000
139.0000
142.0000
134.0000
128.0000
138.0000
125.0000
123.0000
118.0000
144.0000
161.0000
148.0000
135.0000
130.0000
131.0000
140.0000
157.0000
159.0000
176.0000
180.0000
169.0000
175.0000
171.0000
169.0000
173.0000
178.0000
169.0000
156.0000
146.0000
150.0000
135.0000
122.0000
128.0000
119.0000
117.0000
120.0000
120.0000
114.0000
117.0000
124.0000
133.0000
131.0000
131.0000
130.0000
119.0000
122.0000
129.0000
132.0000
129.0000
134.0000
141.0000
137.0000
134.0000
128.0000
129.0000
138.0000
136.0000
131.0000
141.0000
151.0000
141.0000
136.0000
121.0000
113.0000
112.0000
123.0000
131.0000
112.0000
112.0000
111.0000
109.0000
119.0000
118.0000
107.0000
112.0000
112.0000
114.0000
106.0000
102.0000
121.0000
127.0000
126.0000
119.0000
111.0000
102.0000
106.0000
113.0000
121.0000
127.0000
127.0000
120.0000
115.0000
104.0000
110.0000
120.0000
110.0000
118.0000
112.0000
105.0000
115.0000
106.0000
96.0000
105.0000
105.0000
98.0000
110.0000
110.0000
127.0000
137.0000
124.0000
121.0000
108.0000
112.0000
117.0000
109.0000
105.0000
116.0000
120.0000
125.0000
123.0000
120.0000
122.0000
109.0000
114.0000
116.0000
125.0000
118.0000
126.0000
141.0000
106.0000
106.0000
111.0000
123.0000
128.0000
135.0000
150.0000
150.0000
155.0000
132.0000
129.0000
136.0000
133.0000
138.0000
151.0000
146.0000
131.0000
131.0000
133.0000
127.0000
122.0000
114.0000
126.0000
131.0000
123.0000
145.0000
142.0000
141.0000
143.0000
131.0000
121.0000
121.0000
136.0000
143.0000
152.0000
159.0000
154.0000
142.0000
176.0000
191.0000
159.0000
165.0000
182.0000
198.0000
168.0000
158.0000
138.0000
135.0000
130.0000
141.0000
119.0000
125.0000
132.0000
131.0000
140.0000
138.0000
130.0000
128.0000
133.0000
134.0000
124.0000
129.0000
130.0000
129.0000
138.0000
140.0000
148.0000
156.0000
156.0000
143.0000
136.0000
126.0000
137.0000
139.0000
156.0000
147.0000
140.0000
143.0000
148.0000
134.0000
140.0000
130.0000
159.0000
169.0000
177.0000
152.0000
145.0000
155.0000
159.0000
137.0000
144.0000
141.0000
153.0000
136.0000
158.0000
143.0000
149.0000
149.0000
141.0000
124.0000
126.0000
145.0000
171.0000
159.0000
150.0000
150.0000
163.0000
161.0000
163.0000
142.0000
159.0000
184.0000
194.0000
202.0000
230.0000
207.0000
216.0000
205.0000
224.0000
249.0000
233.0000
207.0000
238.0000
216.0000
189.0000
198.0000
212.0000
204.0000
229.0000
179.0000
193.0000
201.0000
194.0000
189.0000
194.0000
162.0000
192.0000
164.0000
182.0000
165.0000
179.0000
171.0000
169.0000
149.0000
148.0000
145.0000
174.0000
162.0000
158.0000
142.0000
159.0000
149.0000
146.0000
151.0000
161.0000
153.0000
178.0000
176.0000
158.0000
145.0000
160.0000
147.0000
175.0000
201.0000
195.0000
212.0000
248.0000
216.0000
217.0000
284.0000
270.0000
288.0000
349.0000
365.0000
393.0000
470.0000
560.0000
703.0000
850.0000
1008.0000
1280.0000
1529.0000
1747.0000
1773.0000
1782.0000
1598.0000
1322.0000
1011.0000
717.0000
559.0000
421.0000
366.0000
328.0000
303.0000
305.0000
253.0000
238.0000
220.0000
203.0000
199.0000
209.0000
193.0000
205.0000
195.0000
209.0000
213.0000
190.0000
201.0000
162.0000
177.0000
161.0000
182.0000
184.0000
193.0000
171.0000
166.0000
170.0000
168.0000
191.0000
190.0000
201.0000
176.0000
193.0000
210.0000
185.0000
205.0000
215.0000
241.0000
266.0000
274.0000
299.0000
334.0000
396.0000
400.0000
485.0000
574.0000
733.0000
851.0000
977.0000
1053.0000
1074.0000
1030.0000
962.0000
786.0000
693.0000
547.0000
386.0000
316.0000
315.0000
264.0000
251.0000
211.0000
176.0000
188.0000
219.0000
180.0000
184.0000
166.0000
180.0000
171.0000
171.0000
182.0000
166.0000
166.0000
179.0000
161.0000
166.0000
176.0000
171.0000
173.0000
176.0000
169.0000
190.0000
206.0000
182.0000
187.0000
194.0000
224.0000
225.0000
219.0000
259.0000
259.0000
300.0000
296.0000
331.0000
329.0000
342.0000
345.0000
349.0000
337.0000
309.0000
287.0000
285.0000
259.0000
228.0000
202.0000
212.0000
186.0000
212.0000
189.0000
198.0000
206.0000
196.0000
213.0000
205.0000
210.0000
208.0000
224.0000
237.0000
254.0000
248.0000
264.0000
280.0000
341.0000
401.0000
438.0000
456.0000
533.0000
616.0000
610.0000
648.0000
720.0000
685.0000
624.0000
577.0000
531.0000
461.0000
432.0000
403.0000
385.0000
408.0000
432.0000
435.0000
445.0000
480.0000
504.0000
534.0000
487.0000
471.0000
466.0000
448.0000
415.0000
412.0000
410.0000
403.0000
406.0000
407.0000
422.0000
420.0000
445.0000
465.0000
520.0000
594.0000
621.0000
614.0000
602.0000
625.0000
619.0000
581.0000
529.0000
453.0000
439.0000
375.0000
331.0000
303.0000
253.0000
226.0000
244.0000
220.0000
193.0000
193.0000
199.0000
180.0000
176.0000
170.0000
166.0000
183.0000
168.0000
160.0000
142.0000
164.0000
148.0000
149.0000
156.0000
172.0000
164.0000
166.0000
173.0000
167.0000
165.0000
182.0000
185.0000
149.0000
164.0000
170.0000
171.0000
183.0000
191.0000
209.0000
219.0000
214.0000
211.0000
226.0000
229.0000
243.0000
252.0000
261.0000
266.0000
336.0000
385.0000
423.0000
467.0000
553.0000
667.0000
796.0000
968.0000
1106.0000
1206.0000
1311.0000
1330.0000
1272.0000
1196.0000
1027.0000
839.0000
693.0000
573.0000
471.0000
344.0000
297.0000
321.0000
312.0000
295.0000
294.0000
275.0000
269.0000
276.0000
269.0000
262.0000
255.0000
251.0000
271.0000
296.0000
293.0000
316.0000
353.0000
375.0000
409.0000
439.0000
483.0000
499.0000
523.0000
555.0000
590.0000
607.0000
634.0000
637.0000
663.0000
756.0000
849.0000
953.0000
1053.0000
1218.0000
1409.0000
1661.0000
1975.0000
2369.0000
2874.0000
3665.0000
4586.0000
5687.0000
6781.0000
7596.0000
8064.0000
7896.0000
7124.0000
6020.0000
4691.0000
3443.0000
2465.0000
1759.0000
1196.0000
865.0000
711.0000
643.0000
608.0000
563.0000
554.0000
579.0000
593.0000
576.0000
601.0000
626.0000
622.0000
619.0000
594.0000
593.0000
569.0000
505.0000
481.0000
474.0000
427.0000
396.0000
382.0000
361.0000
364.0000
353.0000
358.0000
372.0000
405.0000
453.0000
473.0000
531.0000
574.0000
626.0000
707.0000
742.0000
768.0000
791.0000
778.0000
793.0000
794.0000
797.0000
854.0000
940.0000
1073.0000
1274.0000
1472.0000
1610.0000
1826.0000
2081.0000
2172.0000
2232.0000
2310.0000
2340.0000
2360.0000
2357.0000
2410.0000
2542.0000
2657.0000
2656.0000
2574.0000
2468.0000
2251.0000
1910.0000
1606.0000
1386.0000
1170.0000
948.0000
821.0000
719.0000
685.0000
684.0000
680.0000
699.0000
722.0000
769.0000
813.0000
809.0000
818.0000
865.0000
876.0000
895.0000
919.0000
883.0000
855.0000
804.0000
729.0000
641.0000
545.0000
480.0000
403.0000
331.0000
286.0000
261.0000
223.0000
208.0000
202.0000
179.0000
182.0000
179.0000
161.0000
164.0000
163.0000
158.0000
150.0000
154.0000
154.0000
159.0000
154.0000
161.0000
150.0000
155.0000
163.0000
151.0000
163.0000
173.0000
158.0000
156.0000
156.0000
139.0000
130.0000
156.0000
151.0000
161.0000
167.0000
164.0000
147.0000
148.0000
163.0000
177.0000
176.0000
183.0000
191.0000
198.0000
206.0000
194.0000
217.0000
229.0000
226.0000
237.0000
235.0000
258.0000
287.0000
304.0000
328.0000
346.0000
364.0000
399.0000
404.0000
423.0000
420.0000
420.0000
414.0000
386.0000
385.0000
367.0000
357.0000
360.0000
345.0000
340.0000
334.0000
328.0000
345.0000
316.0000
332.0000
321.0000
341.0000
352.0000
391.0000
421.0000
428.0000
430.0000
472.0000
491.0000
555.0000
581.0000
579.0000
622.0000
599.0000
586.0000
606.0000
638.0000
649.0000
629.0000
625.0000
581.0000
502.0000
474.0000
386.0000
346.0000
325.0000
292.0000
255.0000
209.0000
215.0000
234.0000
218.0000
237.0000
233.0000
238.0000
242.0000
237.0000
251.0000
237.0000
221.0000
235.0000
220.0000
183.0000
193.0000
202.0000
172.0000
171.0000
146.0000
143.0000
155.0000
177.0000
162.0000
154.0000
165.0000
168.0000
194.0000
201.0000
200.0000
211.0000
217.0000
235.0000
254.0000
293.0000
324.0000
311.0000
313.0000
321.0000
338.0000
306.0000
317.0000
276.0000
272.0000
271.0000
244.0000
230.0000
230.0000
233.0000
223.0000
223.0000
231.0000
231.0000
248.0000
246.0000
250.0000
236.0000
229.0000
217.0000
202.0000
191.0000
198.0000
180.0000
167.0000
160.0000
156.0000
158.0000
136.0000
149.0000
136.0000
128.0000
146.0000
129.0000
145.0000
121.0000
139.0000
151.0000
128.0000
166.0000
154.0000
154.0000
164.0000
165.0000
180.0000
186.0000
181.0000
175.0000
171.0000
201.0000
215.0000
217.0000
220.0000
247.0000
250.0000
287.0000
291.0000
284.0000
273.0000
274.0000
268.0000
246.0000
263.0000
244.0000
243.0000
247.0000
233.0000
292.0000
301.0000
345.0000
372.0000
434.0000
467.0000
469.0000
497.0000
530.0000
516.0000
502.0000
450.0000
410.0000
368.0000
308.0000
281.0000
248.0000
213.0000
201.0000
179.0000
163.0000
155.0000
145.0000
137.0000
176.0000
144.0000
139.0000
132.0000
133.0000
133.0000
118.0000
137.0000
117.0000
106.0000
102.0000
115.0000
111.0000
124.0000
131.0000
126.0000
126.0000
123.0000
148.0000
150.0000
138.0000
150.0000
170.0000
196.0000
202.0000
225.0000
248.0000
260.0000
245.0000
240.0000
261.0000
256.0000
250.0000
229.0000
238.0000
221.0000
219.0000
183.0000
194.0000
181.0000
172.0000
179.0000
172.0000
189.0000
181.0000
212.0000
195.0000
200.0000
203.0000
257.0000
259.0000
269.0000
311.0000
279.0000
313.0000
328.0000
344.0000
344.0000
323.0000
336.0000
341.0000
287.0000
282.0000
259.0000
277.0000
253.0000
229.0000
248.0000
228.0000
223.0000
221.0000
237.0000
250.0000
252.0000
215.0000
245.0000
246.0000
270.0000
278.0000
299.0000
311.0000
343.0000
330.0000
391.0000
421.0000
454.0000
521.0000
574.0000
704.0000
810.0000
1052.0000
1160.0000
1378.0000
1648.0000
1863.0000
1814.0000
1765.0000
1680.0000
1527.0000
1354.0000
1136.0000
1047.0000
861.0000
699.0000
663.0000
567.0000
534.0000
573.0000
567.0000
501.0000
452.0000
461.0000
425.0000
363.0000
374.0000
360.0000
362.0000
367.0000
354.0000
328.0000
297.0000
263.0000
287.0000
242.0000
238.0000
256.0000
239.0000
218.0000
233.0000
215.0000
197.0000
196.0000
165.0000
176.0000
180.0000
183.0000
180.0000
185.0000
204.0000
209.0000
221.0000
231.0000
212.0000
218.0000
214.0000
238.0000
229.0000
224.0000
225.0000
222.0000
232.0000
226.0000
229.0000
230.0000
224.0000
255.0000
274.0000
271.0000
280.0000
344.0000
396.0000
459.0000
555.0000
625.0000
693.0000
695.0000
692.0000
629.0000
585.0000
525.0000
463.0000
445.0000
358.0000
296.0000
268.0000
231.0000
227.0000
213.0000
205.0000
187.0000
207.0000
203.0000
204.0000
191.0000
205.0000
213.0000
224.0000
215.0000
215.0000
217.0000
225.0000
235.0000
229.0000
220.0000
204.0000
187.0000
195.0000
187.0000
173.0000
163.0000
162.0000
164.0000
169.0000
176.0000
179.0000
181.0000
187.0000
197.0000
190.0000
199.0000
208.0000
235.0000
256.0000
242.0000
252.0000
288.0000
284.0000
298.0000
315.0000
359.0000
408.0000
450.0000
512.0000
582.0000
651.0000
752.0000
758.0000
736.0000
707.0000
632.0000
565.0000
476.0000
422.0000
358.0000
304.0000
219.0000
193.0000
165.0000
194.0000
188.0000
171.0000
163.0000
155.0000
170.0000
188.0000
186.0000
204.0000
220.0000
229.0000
252.0000
250.0000
259.0000
248.0000
245.0000
256.0000
235.0000
212.0000
227.0000
221.0000
219.0000
220.0000
197.0000
199.0000
203.0000
204.0000
188.0000
180.0000
189.0000
179.0000
189.0000
207.0000
197.0000
177.0000
165.0000
150.0000
151.0000
151.0000
148.0000
154.0000
156.0000
158.0000
179.0000
170.0000
170.0000
173.0000
185.0000
178.0000
181.0000
182.0000
172.0000
177.0000
201.0000
215.0000
234.0000
230.0000
212.0000
238.0000
238.0000
231.0000
257.0000
278.0000
285.0000
281.0000
278.0000
302.0000
332.0000
395.0000
442.0000
499.0000
539.0000
592.0000
608.0000
583.0000
605.0000
556.0000
493.0000
444.0000
371.0000
343.0000
291.0000
225.0000
194.0000
202.0000
191.0000
164.0000
142.0000
141.0000
152.0000
157.0000
148.0000
140.0000
130.0000
139.0000
149.0000
134.0000
131.0000
138.0000
129.0000
125.0000
132.0000
136.0000
144.0000
145.0000
145.0000
170.0000
184.0000
190.0000
222.0000
257.0000
280.0000
321.0000
356.0000
359.0000
348.0000
339.0000
330.0000
309.0000
271.0000
248.0000
234.0000
218.0000
187.0000
169.0000
165.0000
151.0000
143.0000
144.0000
148.0000
142.0000
135.0000
138.0000
153.0000
160.0000
151.0000
134.0000
137.0000
153.0000
148.0000
142.0000
145.0000
137.0000
148.0000
160.0000
150.0000
145.0000
143.0000
147.0000
143.0000
128.0000
122.0000
128.0000
139.0000
143.0000
142.0000
148.0000
154.0000
152.0000
156.0000
157.0000
148.0000
152.0000
154.0000
152.0000
147.0000
164.0000
186.0000
175.0000
178.0000
178.0000
196.0000
209.0000
197.0000
200.0000
224.0000
217.0000
226.0000
239.0000
256.0000
257.0000
257.0000
259.0000
238.0000
235.0000
243.0000
244.0000
243.0000
251.0000
236.0000
225.0000
220.0000
204.0000
208.0000
211.0000
188.0000
176.0000
171.0000
181.0000
164.0000
166.0000
180.0000
177.0000
180.0000
183.0000
177.0000
169.0000
190.0000
201.0000
212.0000
219.0000
241.0000
256.0000
276.0000
280.0000
284.0000
307.0000
343.0000
391.0000
475.0000
539.0000
564.0000
586.0000
573.0000
574.0000
511.0000
481.0000
425.0000
392.0000
343.0000
310.0000
257.0000
235.0000
225.0000
216.0000
201.0000
200.0000
209.0000
210.0000
219.0000
216.0000
241.0000
249.0000
272.0000
264.0000
263.0000
285.0000
280.0000
263.0000
232.0000
219.0000
261.0000
254.0000
221.0000
252.0000
264.0000
285.0000
304.0000
352.0000
370.0000
448.0000
528.0000
690.0000
800.0000
1021.0000
1295.0000
1427.0000
1505.0000
1517.0000
1513.0000
1334.0000
1240.0000
1052.0000
922.0000
863.0000
673.0000
540.0000
439.0000
339.0000
257.0000
223.0000
211.0000
187.0000
185.0000
147.0000
150.0000
152.0000
130.0000
134.0000
171.0000
155.0000
137.0000
141.0000
158.0000
134.0000
135.0000
143.0000
142.0000
146.0000
160.0000
145.0000
151.0000
159.0000
172.0000
157.0000
157.0000
161.0000
165.0000
160.0000
149.0000
151.0000
150.0000
144.0000
128.0000
124.0000
126.0000
122.0000
142.0000
136.0000
121.0000
120.0000
132.0000
139.0000
151.0000
131.0000
145.0000
154.0000
151.0000
167.0000
165.0000
180.0000
186.0000
172.0000
233.0000
232.0000
204.0000
199.0000
228.0000
215.0000
214.0000
209.0000
249.0000
227.0000
216.0000
196.0000
200.0000
178.0000
172.0000
189.0000
176.0000
164.0000
163.0000
174.0000
153.0000
185.0000
150.0000
175.0000
172.0000
187.0000
176.0000
177.0000
159.0000
168.0000
166.0000
173.0000
161.0000
161.0000
163.0000
123.0000
154.0000
145.0000
168.0000
164.0000
153.0000
166.0000
136.0000
172.0000
160.0000
181.0000
194.0000
192.0000
211.0000
208.0000
215.0000
251.0000
278.0000
324.0000
364.0000
414.0000
390.0000
325.0000
365.0000
344.0000
337.0000
285.0000
282.0000
241.0000
227.0000
217.0000
196.0000
169.0000
159.0000
136.0000
143.0000
137.0000
161.0000
146.0000
149.0000
117.0000
141.0000
134.0000
143.0000
147.0000
140.0000
126.0000
116.0000
112.0000
115.0000
110.0000
100.0000
96.0000
110.0000
109.0000
107.0000
117.0000
108.0000
99.0000
98.0000
121.0000
117.0000
108.0000
100.0000
104.0000
103.0000
105.0000
99.0000
133.0000
137.0000
110.0000
117.0000
124.0000
124.0000
134.0000
142.0000
144.0000
123.0000
123.0000
141.0000
138.0000
143.0000
129.0000
120.0000
119.0000
119.0000
131.0000
123.0000
121.0000
108.0000
112.0000
99.0000
108.0000
113.0000
102.0000
104.0000
99.0000
103.0000
112.0000
114.0000
107.0000
109.0000
122.0000
137.0000
147.0000
149.0000
144.0000
149.0000
146.0000
137.0000
114.0000
121.0000
137.0000
132.0000
135.0000
135.0000
133.0000
138.0000
128.0000
121.0000
117.0000
120.0000
118.0000
103.0000
112.0000
133.0000
135.0000
119.0000
113.0000
132.0000
129.0000
123.0000
134.0000
136.0000
110.0000
117.0000
122.0000
138.0000
129.0000
137.0000
157.0000
150.0000
145.0000
141.0000
152.0000
163.0000
186.0000
194.0000
179.0000
195.0000
214.0000
206.0000
188.0000
187.0000
188.0000
184.0000
175.0000
170.0000
172.0000
163.0000
157.0000
154.0000
148.0000
143.0000
134.0000
138.0000
140.0000
148.0000
161.0000
164.0000
166.0000
151.0000
148.0000
156.0000
149.0000
142.0000
143.0000
135.0000
136.0000
144.0000
153.0000
155.0000
162.0000
163.0000
153.0000
170.0000
175.0000
181.0000
189.0000
185.0000
212.0000
241.0000
236.0000
238.0000
246.0000
235.0000
225.0000
212.0000
196.0000
194.0000
196.0000
177.0000
175.0000
169.0000
172.0000
183.0000
171.0000
168.0000
169.0000
159.0000
175.0000
175.0000
173.0000
189.0000
199.0000
205.0000
213.0000
246.0000
252.0000
244.0000
263.0000
293.0000
321.0000
332.0000
335.0000
349.0000
358.0000
363.0000
398.0000
397.0000
398.0000
405.0000
408.0000
499.0000
570.0000
644.0000
746.0000
875.0000
990.0000
979.0000
937.0000
912.0000
837.0000
732.0000
648.0000
654.0000
597.0000
514.0000
459.0000
397.0000
311.0000
238.0000
199.0000
192.0000
179.0000
173.0000
183.0000
167.0000
188.0000
201.0000
213.0000
206.0000
222.0000
236.0000
244.0000
234.0000
243.0000
250.0000
261.0000
244.0000
248.0000
244.0000
235.0000
225.0000
202.0000
198.0000
195.0000
191.0000
179.0000
154.0000
165.0000
141.0000
143.0000
162.0000
161.0000
151.0000
127.0000
157.0000
177.0000
168.0000
196.0000
201.0000
212.0000
220.0000
222.0000
237.0000
236.0000
257.0000
265.0000
260.0000
251.0000
246.0000
242.0000
265.0000
221.0000
219.0000
218.0000
215.0000
211.0000
184.0000
159.0000
160.0000
136.0000
121.0000
115.0000
140.0000
114.0000
123.0000
115.0000
107.0000
117.0000
106.0000
142.0000
127.0000
117.0000
108.0000
96.0000
108.0000
112.0000
114.0000
124.0000
147.0000
134.0000
135.0000
136.0000
132.0000
141.0000
127.0000
130.0000
152.0000
156.0000
148.0000
192.0000
156.0000
164.0000
173.0000
181.0000
204.0000
191.0000
187.0000
201.0000
233.0000
247.0000
298.0000
313.0000
414.0000
484.0000
576.0000
649.0000
740.0000
770.0000
699.0000
684.0000
676.0000
626.0000
541.0000
512.0000
468.0000
478.0000
415.0000
348.0000
320.0000
249.0000
234.0000
192.0000
209.0000
195.0000
212.0000
201.0000
183.0000
192.0000
202.0000
190.0000
204.0000
207.0000
187.0000
217.0000
213.0000
219.0000
195.0000
197.0000
192.0000
205.0000
189.0000
198.0000
196.0000
190.0000
170.0000
169.0000
160.0000
138.0000
161.0000
170.0000
156.0000
156.0000
130.0000
128.0000
126.0000
138.0000
137.0000
143.0000
135.0000
131.0000
143.0000
136.0000
150.0000
127.0000
124.0000
120.0000
122.0000
113.0000
140.0000
146.0000
122.0000
133.0000
133.0000
144.0000
154.0000
131.0000
133.0000
143.0000
170.0000
155.0000
167.0000
166.0000
156.0000
155.0000
159.0000
140.0000
155.0000
169.0000
171.0000
166.0000
163.0000
166.0000
155.0000
157.0000
153.0000
150.0000
154.0000
159.0000
166.0000
157.0000
179.0000
167.0000
168.0000
185.0000
157.0000
165.0000
154.0000
139.0000
143.0000
153.0000
135.0000
141.0000
151.0000
165.0000
164.0000
177.0000
186.0000
186.0000
204.0000
237.0000
270.0000
320.0000
348.0000
346.0000
344.0000
323.0000
311.0000
292.0000
281.0000
294.0000
283.0000
251.0000
232.0000
234.0000
224.0000
176.0000
165.0000
171.0000
159.0000
143.0000
183.0000
194.0000
209.0000
229.0000
252.0000
272.0000
265.0000
269.0000
292.0000
264.0000
246.0000
265.0000
287.0000
264.0000
247.0000
246.0000
242.0000
232.0000
195.0000
190.0000
191.0000
175.0000
168.0000
157.0000
163.0000
158.0000
147.0000
155.0000
135.0000
132.0000
141.0000
136.0000
132.0000
133.0000
145.0000
152.0000
147.0000
133.0000
129.0000
140.0000
145.0000
138.0000
136.0000
136.0000
129.0000
129.0000
140.0000
141.0000
126.0000
121.0000
128.0000
125.0000
123.0000
119.0000
114.0000
128.0000
131.0000
127.0000
134.0000
138.0000
141.0000
138.0000
143.0000
144.0000
148.0000
166.0000
169.0000
172.0000
192.0000
195.0000
175.0000
165.0000
172.0000
178.0000
161.0000
154.0000
167.0000
158.0000
152.0000
156.0000
162.0000
153.0000
147.0000
145.0000
143.0000
133.0000
139.0000
149.0000
154.0000
158.0000
150.0000
138.0000
136.0000
145.0000
141.0000
148.0000
154.0000
166.0000
170.0000
182.0000
175.0000
181.0000
194.0000
209.0000
232.0000
257.0000
293.0000
339.0000
413.0000
537.0000
652.0000
823.0000
1013.0000
1148.0000
1278.0000
1282.0000
1223.0000
1163.0000
1042.0000
944.0000
852.0000
810.0000
786.0000
712.0000
675.0000
610.0000
484.0000
388.0000
328.0000
268.0000
246.0000
224.0000
226.0000
233.0000
227.0000
214.0000
201.0000
173.0000
178.0000
195.0000
172.0000
188.0000
173.0000
160.0000
156.0000
166.0000
162.0000
162.0000
154.0000
153.0000
150.0000
160.0000
153.0000
139.0000
130.0000
143.0000
145.0000
127.0000
150.0000
118.0000
137.0000
141.0000
136.0000
153.0000
135.0000
142.0000
143.0000
123.0000
128.0000
131.0000
148.0000
156.0000
161.0000
148.0000
142.0000
151.0000
165.0000
155.0000
132.0000
157.0000
171.0000
136.0000
134.0000
134.0000
139.0000
127.0000
118.0000
130.0000
128.0000
118.0000
122.0000
126.0000
112.0000
133.0000
110.0000
125.0000
130.0000
145.0000
143.0000
129.0000
148.0000
133.0000
138.0000
121.0000
120.0000
125.0000
143.0000
124.0000
143.0000
131.0000
142.0000
139.0000
132.0000
127.0000
140.0000
140.0000
160.0000
144.0000
134.0000
167.0000
155.0000
157.0000
173.0000
181.0000
193.0000
209.0000
213.0000
231.0000
218.0000
263.0000
250.0000
294.0000
347.0000
395.0000
454.0000
554.0000
625.0000
679.0000
691.0000
650.0000
630.0000
571.0000
489.0000
445.0000
446.0000
434.0000
456.0000
467.0000
416.0000
384.0000
309.0000
270.0000
234.0000
220.0000
180.0000
170.0000
187.0000
185.0000
175.0000
178.0000
183.0000
175.0000
168.0000
167.0000
173.0000
161.0000
145.0000
151.0000
158.0000
157.0000
175.0000
180.0000
145.0000
158.0000
166.0000
160.0000
171.0000
176.0000
191.0000
203.0000
175.0000
205.0000
182.0000
169.0000
171.0000
165.0000
183.0000
180.0000
156.0000
177.0000
158.0000
199.0000
175.0000
172.0000
183.0000
173.0000
203.0000
199.0000
213.0000
218.0000
226.0000
242.0000
253.0000
283.0000
276.0000
299.0000
285.0000
290.0000
245.0000
281.0000
233.0000
219.0000
213.0000
249.0000
211.0000
236.0000
225.0000
199.0000
199.0000
183.0000
186.0000
163.0000
170.0000
178.0000
185.0000
188.0000
178.0000
193.0000
161.0000
163.0000
164.0000
198.0000
167.0000
172.0000
172.0000
151.0000
180.0000
170.0000
176.0000
150.0000
176.0000
162.0000
144.0000
165.0000
163.0000
152.0000
187.0000
153.0000
163.0000
199.0000
154.0000
157.0000
147.0000
166.0000
155.0000
159.0000
163.0000
167.0000
148.0000
133.0000
148.0000
165.0000
158.0000
141.0000
157.0000
170.0000
142.0000
145.0000
147.0000
150.0000
128.0000
147.0000
167.0000
143.0000
144.0000
177.0000
178.0000
169.0000
161.0000
151.0000
160.0000
163.0000
160.0000
153.0000
172.0000
177.0000
173.0000
162.0000
149.0000
148.0000
162.0000
163.0000
146.0000
172.0000
160.0000
153.0000
174.0000
164.0000
154.0000
153.0000
153.0000
144.0000
149.0000
153.0000
140.0000
156.0000
149.0000
161.0000
163.0000
172.0000
176.0000
163.0000
164.0000
171.0000
172.0000
180.0000
199.0000
189.0000
199.0000
164.0000
186.0000
146.0000
191.0000
209.0000
195.0000
208.0000
186.0000
195.0000
192.0000
214.0000
201.0000
217.0000
214.0000
210.0000
217.0000
203.0000
219.0000
235.0000
236.0000
262.0000
269.0000
275.0000
265.0000
269.0000
283.0000
238.0000
221.0000
223.0000
229.0000
198.0000
220.0000
208.0000
207.0000
198.0000
196.0000
187.0000
165.0000
163.0000
174.0000
202.0000
190.0000
213.0000
190.0000
158.0000
172.0000
186.0000
203.0000
220.0000
219.0000
209.0000
196.0000
171.0000
175.0000
165.0000
171.0000
160.0000
149.0000
159.0000
143.0000
143.0000
156.0000
139.0000
136.0000
151.0000
160.0000
144.0000
137.0000
138.0000
140.0000
141.0000
129.0000
135.0000
147.0000
142.0000
140.0000
140.0000
140.0000
140.0000
140.0000
