1128.0000
1079.0000
1048.0000
1103.0000
1044.0000
1014.0000
1010.0000
1006.0000
1068.0000
1056.0000
962.0000
1084.0000
1055.0000
955.0000
983.0000
972.0000
969.0000
923.0000
979.0000
902.0000
986.0000
965.0000
917.0000
954.0000
913.0000
883.0000
981.0000
1035.0000
974.0000
880.0000
924.0000
934.0000
977.0000
957.0000
901.0000
934.0000
983.0000
934.0000
872.0000
853.0000
827.0000
857.0000
921.0000
915.0000
867.0000
915.0000
899.0000
902.0000
943.0000
931.0000
890.0000
987.0000
965.0000
900.0000
949.0000
912.0000
836.0000
867.0000
879.0000
870.0000
868.0000
874.0000
868.0000
785.0000
818.0000
806.0000
786.0000
840.0000
805.0000
793.0000
811.0000
765.0000
792.0000
847.0000
830.0000
733.0000
716.0000
814.0000
840.0000
792.0000
724.0000
725.0000
785.0000
740.0000
674.0000
708.0000
731.0000
709.0000
710.0000
708.0000
676.0000
718.0000
729.0000
634.0000
635.0000
744.0000
734.0000
673.0000
671.0000
696.0000
702.0000
679.0000
706.0000
677.0000
633.0000
650.0000
669.0000
688.0000
697.0000
653.0000
672.0000
714.0000
684.0000
715.0000
729.0000
673.0000
648.0000
662.0000
695.0000
711.0000
671.0000
639.0000
640.0000
659.0000
714.0000
677.0000
643.0000
726.0000
734.0000
675.0000
639.0000
659.0000
699.0000
700.0000
676.0000
711.0000
670.0000
654.0000
686.0000
684.0000
687.0000
714.0000
715.0000
701.0000
721.0000
721.0000
703.0000
699.0000
702.0000
709.0000
752.0000
790.0000
755.0000
735.0000
749.0000
757.0000
789.0000
796.0000
746.0000
745.0000
725.0000
771.0000
744.0000
762.0000
788.0000
779.0000
775.0000
755.0000
767.0000
841.0000
792.0000
786.0000
837.0000
875.0000
795.0000
820.0000
787.0000
849.0000
869.0000
832.0000
917.0000
923.0000
926.0000
859.0000
891.0000
911.0000
868.0000
744.0000
712.0000
628.0000
597.0000
508.0000
471.0000
462.0000
440.0000
420.0000
394.0000
428.0000
398.0000
410.0000
413.0000
396.0000
418.0000
421.0000
395.0000
394.0000
414.0000
429.0000
443.0000
395.0000
353.0000
375.0000
396.0000
357.0000
342.0000
322.0000
313.0000
294.0000
282.0000
319.0000
300.0000
258.0000
313.0000
286.0000
300.0000
285.0000
304.0000
266.0000
280.0000
312.0000
294.0000
295.0000
287.0000
300.0000
292.0000
272.0000
302.0000
294.0000
297.0000
287.0000
280.0000
265.0000
258.0000
292.0000
242.0000
270.0000
241.0000
222.0000
250.0000
264.0000
245.0000
267.0000
270.0000
269.0000
258.0000
287.0000
253.0000
238.0000
256.0000
248.0000
247.0000
265.0000
232.0000
253.0000
275.0000
247.0000
279.0000
219.0000
236.0000
252.0000
252.0000
203.0000
227.0000
213.0000
230.0000
214.0000
233.0000
216.0000
205.0000
228.0000
270.0000
239.0000
228.0000
239.0000
184.0000
210.0000
213.0000
230.0000
217.0000
248.0000
232.0000
249.0000
248.0000
244.0000
206.0000
233.0000
235.0000
243.0000
194.0000
184.0000
223.0000
234.0000
242.0000
242.0000
209.0000
248.0000
210.0000
228.0000
258.0000
246.0000
244.0000
230.0000
251.0000
196.0000
211.0000
225.0000
236.0000
209.0000
211.0000
220.0000
246.0000
237.0000
196.0000
232.0000
194.0000
216.0000
183.0000
214.0000
178.0000
231.0000
221.0000
217.0000
223.0000
191.0000
250.0000
270.0000
246.0000
225.0000
202.0000
202.0000
227.0000
203.0000
212.0000
214.0000
253.0000
228.0000
259.0000
266.0000
267.0000
278.0000
274.0000
286.0000
269.0000
281.0000
302.0000
342.0000
315.0000
296.0000
291.0000
342.0000
342.0000
406.0000
373.0000
410.0000
402.0000
391.0000
396.0000
408.0000
395.0000
363.0000
357.0000
354.0000
293.0000
276.0000
273.0000
257.0000
244.0000
258.0000
259.0000
208.0000
214.0000
213.0000
200.0000
195.0000
199.0000
203.0000
200.0000
198.0000
208.0000
187.0000
194.0000
187.0000
178.0000
156.0000
177.0000
189.0000
194.0000
178.0000
202.0000
180.0000
180.0000
180.0000
165.0000
169.0000
163.0000
180.0000
200.0000
172.0000
178.0000
173.0000
147.0000
164.0000
188.0000
202.0000
186.0000
194.0000
178.0000
185.0000
199.0000
213.0000
215.0000
223.0000
216.0000
239.0000
269.0000
237.0000
220.0000
225.0000
228.0000
245.0000
242.0000
240.0000
254.0000
259.0000
257.0000
262.0000
232.0000
222.0000
231.0000
209.0000
199.0000
176.0000
160.0000
159.0000
163.0000
166.0000
159.0000
154.0000
156.0000
159.0000
139.0000
148.0000
155.0000
146.0000
133.0000
142.0000
135.0000
142.0000
143.0000
139.0000
159.0000
145.0000
141.0000
152.0000
140.0000
144.0000
152.0000
144.0000
137.0000
118.0000
113.0000
144.0000
146.0000
154.0000
150.0000
138.0000
143.0000
147.0000
145.0000
139.0000
146.0000
150.0000
142.0000
146.0000
144.0000
157.0000
167.0000
165.0000
175.0000
175.0000
171.0000
167.0000
163.0000
170.0000
164.0000
160.0000
161.0000
157.0000
156.0000
149.0000
159.0000
167.0000
147.0000
133.0000
137.0000
135.0000
126.0000
127.0000
127.0000
138.0000
145.0000
134.0000
130.0000
119.0000
121.0000
133.0000
138.0000
138.0000
129.0000
121.0000
125.0000
136.0000
143.0000
147.0000
145.0000
144.0000
142.0000
135.0000
130.0000
145.0000
137.0000
125.0000
139.0000
140.0000
133.0000
142.0000
145.0000
124.0000
131.0000
126.0000
122.0000
124.0000
125.0000
136.0000
127.0000
118.0000
113.0000
127.0000
133.0000
113.0000
121.0000
117.0000
114.0000
110.0000
109.0000
120.0000
121.0000
131.0000
146.0000
133.0000
132.0000
137.0000
125.0000
134.0000
138.0000
128.0000
129.0000
133.0000
139.0000
138.0000
130.0000
128.0000
125.0000
138.0000
144.0000
133.0000
136.0000
130.0000
117.0000
120.0000
123.0000
125.0000
134.0000
125.0000
131.0000
128.0000
121.0000
129.0000
123.0000
122.0000
123.0000
133.0000
146.0000
134.0000
118.0000
126.0000
136.0000
133.0000
123.0000
148.0000
133.0000
128.0000
141.0000
148.0000
139.0000
151.0000
152.0000
144.0000
149.0000
166.0000
151.0000
138.0000
162.0000
167.0000
158.0000
165.0000
164.0000
158.0000
164.0000
159.0000
176.0000
199.0000
206.0000
193.0000
185.0000
178.0000
186.0000
193.0000
197.0000
213.0000
197.0000
210.0000
211.0000
206.0000
200.0000
199.0000
170.0000
170.0000
184.0000
176.0000
180.0000
168.0000
168.0000
158.0000
151.0000
156.0000
164.0000
166.0000
153.0000
155.0000
158.0000
140.0000
156.0000
145.0000
158.0000
144.0000
150.0000
144.0000
149.0000
142.0000
137.0000
138.0000
133.0000
146.0000
148.0000
152.0000
144.0000
142.0000
142.0000
138.0000
146.0000
160.0000
162.0000
141.0000
143.0000
153.0000
177.0000
169.0000
170.0000
166.0000
168.0000
191.0000
166.0000
169.0000
186.0000
187.0000
199.0000
172.0000
178.0000
188.0000
212.0000
196.0000
159.0000
146.0000
163.0000
162.0000
157.0000
184.0000
168.0000
183.0000
171.0000
175.0000
182.0000
174.0000
179.0000
186.0000
212.0000
220.0000
202.0000
204.0000
198.0000
197.0000
210.0000
203.0000
183.0000
159.0000
223.0000
199.0000
221.0000
234.0000
254.0000
215.0000
267.0000
288.0000
340.0000
351.0000
413.0000
397.0000
453.0000
464.0000
470.0000
508.0000
462.0000
499.0000
482.0000
460.0000
477.0000
457.0000
432.0000
366.0000
371.0000
358.0000
321.0000
318.0000
294.0000
313.0000
315.0000
322.0000
311.0000
306.0000
290.0000
277.0000
276.0000
278.0000
247.0000
257.0000
277.0000
267.0000
270.0000
259.0000
292.0000
288.0000
304.0000
287.0000
301.0000
329.0000
300.0000
309.0000
316.0000
341.0000
354.0000
370.0000
450.0000
483.0000
480.0000
570.0000
603.0000
735.0000
842.0000
1020.0000
1306.0000
1473.0000
1733.0000
1878.0000
2143.0000
2111.0000
2110.0000
1932.0000
1620.0000
1242.0000
948.0000
744.0000
567.0000
470.0000
427.0000
368.0000
368.0000
340.0000
303.0000
329.0000
283.0000
288.0000
276.0000
282.0000
283.0000
256.0000
241.0000
245.0000
233.0000
244.0000
249.0000
219.0000
247.0000
241.0000
204.0000
199.0000
213.0000
201.0000
195.0000
231.0000
189.0000
179.0000
209.0000
225.0000
215.0000
206.0000
243.0000
201.0000
230.0000
228.0000
232.0000
245.0000
260.0000
263.0000
341.0000
342.0000
381.0000
398.0000
427.0000
510.0000
483.0000
509.0000
573.0000
525.0000
525.0000
461.0000
444.0000
402.0000
337.0000
311.0000
251.0000
246.0000
231.0000
225.0000
227.0000
215.0000
203.0000
179.0000
188.0000
165.0000
188.0000
188.0000
163.0000
170.0000
184.0000
212.0000
202.0000
200.0000
214.0000
213.0000
212.0000
196.0000
178.0000
200.0000
214.0000
199.0000
207.0000
226.0000
230.0000
219.0000
219.0000
211.0000
248.0000
243.0000
233.0000
247.0000
246.0000
245.0000
230.0000
251.0000
274.0000
237.0000
239.0000
258.0000
249.0000
227.0000
215.0000
249.0000
215.0000
214.0000
218.0000
214.0000
199.0000
183.0000
222.0000
230.0000
207.0000
213.0000
229.0000
219.0000
251.0000
258.0000
298.0000
307.0000
347.0000
332.0000
381.0000
399.0000
418.0000
460.0000
474.0000
491.0000
512.0000
497.0000
521.0000
490.0000
438.0000
422.0000
388.0000
358.0000
324.0000
315.0000
283.0000
279.0000
282.0000
283.0000
260.0000
267.0000
266.0000
262.0000
249.0000
264.0000
285.0000
277.0000
302.0000
298.0000
294.0000
337.0000
350.0000
357.0000
379.0000
392.0000
399.0000
406.0000
424.0000
420.0000
431.0000
428.0000
406.0000
405.0000
418.0000
413.0000
351.0000
322.0000
338.0000
331.0000
304.0000
306.0000
319.0000
291.0000
288.0000
252.0000
257.0000
263.0000
237.0000
225.0000
236.0000
210.0000
215.0000
222.0000
216.0000
234.0000
242.0000
227.0000
208.0000
224.0000
226.0000
216.0000
232.0000
230.0000
233.0000
257.0000
249.0000
253.0000
248.0000
263.0000
279.0000
330.0000
302.0000
330.0000
362.0000
340.0000
356.0000
363.0000
390.0000
403.0000
389.0000
386.0000
420.0000
427.0000
471.0000
529.0000
534.0000
604.0000
695.0000
790.0000
890.0000
1025.0000
1102.0000
1241.0000
1312.0000
1318.0000
1323.0000
1235.0000
1051.0000
931.0000
780.0000
651.0000
542.0000
451.0000
447.0000
435.0000
405.0000
395.0000
360.0000
358.0000
345.0000
319.0000
332.0000
338.0000
330.0000
337.0000
339.0000
347.0000
362.0000
349.0000
365.0000
392.0000
399.0000
422.0000
445.0000
441.0000
492.0000
567.0000
613.0000
642.0000
684.0000
754.0000
843.0000
916.0000
991.0000
1129.0000
1332.0000
1571.0000
1854.0000
2229.0000
2689.0000
3390.0000
4247.0000
5312.0000
6629.0000
7881.0000
9078.0000
10032.0000
10519.0000
10231.0000
9370.0000
7906.0000
6172.0000
4637.0000
3454.0000
2498.0000
1731.0000
1349.0000
1146.0000
1008.0000
927.0000
861.0000
818.0000
767.0000
733.0000
703.0000
651.0000
606.0000
602.0000
544.0000
544.0000
543.0000
504.0000
502.0000
502.0000
486.0000
453.0000
429.0000
419.0000
429.0000
426.0000
420.0000
438.0000
449.0000
460.0000
464.0000
495.0000
548.0000
562.0000
594.0000
625.0000
649.0000
680.0000
681.0000
710.0000
745.0000
722.0000
738.0000
774.0000
825.0000
867.0000
902.0000
982.0000
1045.0000
1107.0000
1117.0000
1165.0000
1217.0000
1168.0000
1144.0000
1181.0000
1231.0000
1268.0000
1293.0000
1297.0000
1259.0000
1196.0000
1187.0000
1148.0000
1051.0000
943.0000
791.0000
672.0000
616.0000
586.0000
526.0000
476.0000
455.0000
432.0000
418.0000
417.0000
412.0000
381.0000
384.0000
384.0000
347.0000
349.0000
336.0000
319.0000
303.0000
293.0000
278.0000
264.0000
252.0000
241.0000
230.0000
217.0000
215.0000
218.0000
215.0000
200.0000
201.0000
201.0000
206.0000
211.0000
194.0000
202.0000
212.0000
197.0000
190.0000
196.0000
203.0000
213.0000
207.0000
204.0000
197.0000
205.0000
227.0000
214.0000
211.0000
211.0000
218.0000
224.0000
223.0000
245.0000
245.0000
225.0000
233.0000
230.0000
240.0000
259.0000
255.0000
267.0000
289.0000
314.0000
341.0000
359.0000
389.0000
392.0000
394.0000
383.0000
370.0000
374.0000
355.0000
367.0000
394.0000
417.0000
380.0000
389.0000
427.0000
458.0000
447.0000
435.0000
464.0000
473.0000
480.0000
480.0000
494.0000
510.0000
471.0000
453.0000
428.0000
398.0000
382.0000
399.0000
373.0000
359.0000
369.0000
378.0000
363.0000
332.0000
333.0000
332.0000
366.0000
380.0000
375.0000
376.0000
404.0000
418.0000
410.0000
401.0000
405.0000
448.0000
420.0000
410.0000
391.0000
390.0000
404.0000
418.0000
413.0000
415.0000
407.0000
395.0000
347.0000
331.0000
322.0000
342.0000
335.0000
326.0000
327.0000
338.0000
349.0000
339.0000
348.0000
358.0000
347.0000
362.0000
365.0000
353.0000
317.0000
333.0000
314.0000
300.0000
296.0000
293.0000
283.0000
256.0000
215.0000
231.0000
219.0000
217.0000
212.0000
193.0000
207.0000
213.0000
230.0000
205.0000
225.0000
242.0000
235.0000
228.0000
214.0000
229.0000
233.0000
233.0000
235.0000
245.0000
225.0000
237.0000
249.0000
251.0000
237.0000
256.0000
259.0000
234.0000
244.0000
211.0000
209.0000
186.0000
197.0000
171.0000
174.0000
180.0000
207.0000
186.0000
193.0000
178.0000
168.0000
168.0000
178.0000
181.0000
161.0000
159.0000
145.0000
145.0000
168.0000
175.0000
166.0000
156.0000
157.0000
150.0000
162.0000
158.0000
178.0000
162.0000
151.0000
133.0000
150.0000
144.0000
166.0000
174.0000
157.0000
170.0000
173.0000
161.0000
162.0000
173.0000
164.0000
157.0000
153.0000
147.0000
150.0000
153.0000
162.0000
161.0000
138.0000
169.0000
156.0000
140.0000
167.0000
153.0000
152.0000
133.0000
147.0000
141.0000
128.0000
154.0000
114.0000
123.0000
122.0000
130.0000
136.0000
133.0000
135.0000
148.0000
117.0000
144.0000
116.0000
133.0000
125.0000
148.0000
138.0000
125.0000
125.0000
142.0000
149.0000
159.0000
121.0000
141.0000
138.0000
127.0000
133.0000
139.0000
152.0000
133.0000
141.0000
134.0000
154.0000
128.0000
151.0000
138.0000
134.0000
148.0000
141.0000
150.0000
161.0000
158.0000
163.0000
158.0000
163.0000
173.0000
169.0000
163.0000
151.0000
166.0000
185.0000
181.0000
187.0000
193.0000
187.0000
189.0000
164.0000
184.0000
193.0000
154.0000
182.0000
169.0000
183.0000
163.0000
138.0000
140.0000
167.0000
153.0000
157.0000
159.0000
164.0000
182.0000
165.0000
175.0000
195.0000
189.0000
221.0000
200.0000
189.0000
217.0000
246.0000
227.0000
248.0000
260.0000
258.0000
296.0000
267.0000
283.0000
307.0000
318.0000
346.0000
318.0000
334.0000
369.0000
375.0000
366.0000
407.0000
446.0000
425.0000
454.0000
482.0000
532.0000
552.0000
541.0000
510.0000
555.0000
586.0000
596.0000
627.0000
698.0000
720.0000
805.0000
882.0000
1006.0000
1144.0000
1405.0000
1604.0000
1809.0000
1791.0000
1787.0000
1869.0000
1744.0000
1561.0000
1371.0000
1183.0000
937.0000
874.0000
690.0000
585.0000
525.0000
482.0000
436.0000
467.0000
476.0000
450.0000
416.0000
430.0000
494.0000
476.0000
467.0000
431.0000
471.0000
462.0000
441.0000
429.0000
395.0000
376.0000
403.0000
378.0000
357.0000
328.0000
314.0000
309.0000
293.0000
330.0000
307.0000
269.0000
260.0000
267.0000
257.0000
259.0000
228.0000
256.0000
228.0000
267.0000
266.0000
267.0000
235.0000
270.0000
272.0000
249.0000
275.0000
275.0000
269.0000
279.0000
264.0000
287.0000
294.0000
328.0000
325.0000
333.0000
383.0000
476.0000
518.0000
598.0000
756.0000
779.0000
796.0000
885.0000
873.0000
851.0000
816.0000
792.0000
676.0000
587.0000
499.0000
461.0000
405.0000
350.0000
316.0000
319.0000
288.0000
271.0000
249.0000
257.0000
248.0000
237.0000
247.0000
256.0000
257.0000
242.0000
236.0000
233.0000
214.0000
241.0000
220.0000
241.0000
245.0000
230.0000
232.0000
220.0000
231.0000
237.0000
226.0000
239.0000
228.0000
220.0000
235.0000
252.0000
235.0000
262.0000
231.0000
245.0000
246.0000
239.0000
261.0000
262.0000
267.0000
261.0000
284.0000
282.0000
318.0000
351.0000
415.0000
439.0000
506.0000
595.0000
670.0000
730.0000
787.0000
826.0000
824.0000
762.0000
734.0000
652.0000
572.0000
481.0000
400.0000
330.0000
270.0000
243.0000
215.0000
192.0000
187.0000
189.0000
186.0000
172.0000
169.0000
170.0000
169.0000
160.0000
153.0000
151.0000
158.0000
151.0000
141.0000
138.0000
149.0000
148.0000
132.0000
146.0000
137.0000
131.0000
121.0000
124.0000
131.0000
130.0000
135.0000
125.0000
131.0000
152.0000
143.0000
126.0000
139.0000
125.0000
115.0000
121.0000
129.0000
134.0000
144.0000
147.0000
160.0000
153.0000
139.0000
162.0000
173.0000
165.0000
169.0000
162.0000
149.0000
161.0000
166.0000
156.0000
144.0000
163.0000
175.0000
180.0000
171.0000
177.0000
188.0000
174.0000
177.0000
185.0000
210.0000
207.0000
221.0000
248.0000
279.0000
319.0000
378.0000
450.0000
523.0000
623.0000
705.0000
729.0000
748.0000
744.0000
685.0000
632.0000
531.0000
492.0000
467.0000
403.0000
326.0000
277.0000
230.0000
204.0000
199.0000
183.0000
169.0000
166.0000
166.0000
176.0000
164.0000
163.0000
161.0000
162.0000
183.0000
172.0000
168.0000
180.0000
177.0000
179.0000
189.0000
191.0000
182.0000
192.0000
216.0000
214.0000
219.0000
268.0000
300.0000
331.0000
374.0000
427.0000
475.0000
459.0000
427.0000
412.0000
389.0000
360.0000
348.0000
301.0000
257.0000
242.0000
214.0000
198.0000
202.0000
200.0000
187.0000
177.0000
179.0000
180.0000
181.0000
196.0000
195.0000
196.0000
195.0000
185.0000
189.0000
192.0000
184.0000
184.0000
180.0000
169.0000
176.0000
177.0000
177.0000
169.0000
156.0000
170.0000
182.0000
168.0000
164.0000
162.0000
176.0000
171.0000
152.0000
147.0000
157.0000
167.0000
170.0000
171.0000
163.0000
153.0000
155.0000
172.0000
172.0000
170.0000
172.0000
166.0000
157.0000
155.0000
160.0000
169.0000
171.0000
163.0000
154.0000
159.0000
166.0000
182.0000
189.0000
189.0000
201.0000
197.0000
202.0000
204.0000
213.0000
220.0000
210.0000
203.0000
196.0000
200.0000
205.0000
206.0000
217.0000
231.0000
204.0000
223.0000
242.0000
237.0000
225.0000
222.0000
214.0000
208.0000
224.0000
243.0000
271.0000
270.0000
268.0000
289.0000
289.0000
305.0000
310.0000
319.0000
348.0000
360.0000
376.0000
435.0000
481.0000
547.0000
608.0000
622.0000
637.0000
693.0000
690.0000
642.0000
610.0000
536.0000
488.0000
445.0000
371.0000
335.0000
321.0000
296.0000
261.0000
241.0000
236.0000
204.0000
201.0000
216.0000
220.0000
215.0000
206.0000
220.0000
230.0000
219.0000
218.0000
236.0000
230.0000
239.0000
260.0000
257.0000
229.0000
220.0000
244.0000
260.0000
285.0000
354.0000
347.0000
360.0000
441.0000
528.0000
641.0000
857.0000
1030.0000
1209.0000
1435.0000
1555.0000
1688.0000
1635.0000
1548.0000
1428.0000
1334.0000
1141.0000
991.0000
899.0000
758.0000
595.0000
432.0000
367.0000
298.0000
235.0000
194.0000
207.0000
212.0000
177.0000
178.0000
183.0000
174.0000
172.0000
153.0000
162.0000
165.0000
157.0000
141.0000
148.0000
165.0000
147.0000
138.0000
140.0000
151.0000
148.0000
156.0000
147.0000
136.0000
167.0000
167.0000
148.0000
149.0000
164.0000
175.0000
154.0000
176.0000
152.0000
167.0000
157.0000
164.0000
152.0000
154.0000
169.0000
160.0000
137.0000
155.0000
157.0000
140.0000
131.0000
157.0000
123.0000
130.0000
140.0000
142.0000
161.0000
179.0000
161.0000
151.0000
145.0000
159.0000
137.0000
142.0000
179.0000
172.0000
187.0000
191.0000
158.0000
162.0000
199.0000
169.0000
187.0000
182.0000
185.0000
175.0000
180.0000
161.0000
184.0000
162.0000
178.0000
177.0000
239.0000
191.0000
177.0000
193.0000
185.0000
205.0000
194.0000
203.0000
196.0000
210.0000
224.0000
180.0000
204.0000
219.0000
247.0000
211.0000
211.0000
207.0000
192.0000
207.0000
203.0000
196.0000
209.0000
229.0000
214.0000
230.0000
275.0000
243.0000
283.0000
335.0000
344.0000
399.0000
443.0000
430.0000
455.0000
451.0000
411.0000
368.0000
349.0000
303.0000
276.0000
265.0000
253.0000
223.0000
202.0000
176.0000
171.0000
187.0000
172.0000
186.0000
180.0000
182.0000
165.0000
189.0000
157.0000
165.0000
151.0000
139.0000
147.0000
166.0000
141.0000
146.0000
142.0000
127.0000
125.0000
139.0000
150.0000
133.0000
129.0000
118.0000
131.0000
129.0000
132.0000
135.0000
123.0000
116.0000
128.0000
133.0000
119.0000
116.0000
122.0000
118.0000
111.0000
107.0000
127.0000
122.0000
126.0000
125.0000
126.0000
130.0000
122.0000
130.0000
121.0000
112.0000
116.0000
128.0000
128.0000
129.0000
130.0000
126.0000
131.0000
133.0000
118.0000
125.0000
116.0000
130.0000
126.0000
110.0000
113.0000
115.0000
113.0000
128.0000
129.0000
123.0000
109.0000
114.0000
109.0000
116.0000
123.0000
108.0000
114.0000
102.0000
97.0000
101.0000
120.0000
121.0000
121.0000
106.0000
121.0000
125.0000
126.0000
116.0000
127.0000
118.0000
111.0000
122.0000
136.0000
126.0000
127.0000
134.0000
110.0000
117.0000
110.0000
119.0000
135.0000
127.0000
122.0000
121.0000
114.0000
130.0000
135.0000
128.0000
123.0000
125.0000
129.0000
127.0000
140.0000
137.0000
138.0000
145.0000
133.0000
133.0000
136.0000
159.0000
140.0000
119.0000
134.0000
131.0000
127.0000
135.0000
133.0000
127.0000
131.0000
124.0000
118.0000
121.0000
118.0000
107.0000
113.0000
125.0000
124.0000
120.0000
115.0000
110.0000
121.0000
124.0000
119.0000
121.0000
116.0000
110.0000
119.0000
128.0000
124.0000
122.0000
126.0000
130.0000
120.0000
124.0000
137.0000
134.0000
147.0000
153.0000
153.0000
154.0000
147.0000
159.0000
176.0000
174.0000
174.0000
177.0000
180.0000
159.0000
139.0000
138.0000
156.0000
167.0000
160.0000
169.0000
169.0000
165.0000
162.0000
156.0000
164.0000
171.0000
179.0000
203.0000
209.0000
191.0000
192.0000
209.0000
211.0000
232.0000
234.0000
229.0000
230.0000
224.0000
235.0000
260.0000
284.0000
289.0000
311.0000
354.0000
374.0000
424.0000
495.0000
556.0000
675.0000
814.0000
1009.0000
1126.0000
1179.0000
1203.0000
1179.0000
1097.0000
991.0000
901.0000
817.0000
752.0000
716.0000
603.0000
520.0000
417.0000
331.0000
299.0000
259.0000
225.0000
215.0000
208.0000
178.0000
184.0000
200.0000
185.0000
171.0000
181.0000
216.0000
210.0000
204.0000
196.0000
194.0000
202.0000
213.0000
226.0000
224.0000
205.0000
210.0000
185.0000
183.0000
183.0000
187.0000
172.0000
184.0000
171.0000
153.0000
164.0000
138.0000
147.0000
139.0000
141.0000
130.0000
159.0000
155.0000
170.0000
158.0000
173.0000
165.0000
166.0000
170.0000
186.0000
168.0000
143.0000
144.0000
142.0000
159.0000
159.0000
153.0000
170.0000
171.0000
167.0000
157.0000
168.0000
173.0000
163.0000
140.0000
143.0000
150.0000
159.0000
135.0000
144.0000
122.0000
130.0000
139.0000
132.0000
110.0000
147.0000
108.0000
107.0000
110.0000
122.0000
131.0000
125.0000
137.0000
126.0000
122.0000
151.0000
132.0000
134.0000
144.0000
138.0000
144.0000
147.0000
149.0000
159.0000
143.0000
172.0000
157.0000
152.0000
172.0000
206.0000
204.0000
202.0000
201.0000
206.0000
224.0000
211.0000
280.0000
305.0000
390.0000
488.0000
510.0000
628.0000
675.0000
743.0000
775.0000
792.0000
669.0000
663.0000
652.0000
547.0000
521.0000
456.0000
411.0000
413.0000
342.0000
284.0000
285.0000
211.0000
201.0000
205.0000
163.0000
160.0000
148.0000
164.0000
162.0000
167.0000
131.0000
149.0000
182.0000
136.0000
146.0000
159.0000
157.0000
168.0000
160.0000
152.0000
174.0000
150.0000
175.0000
161.0000
179.0000
157.0000
167.0000
147.0000
152.0000
160.0000
155.0000
141.0000
159.0000
151.0000
142.0000
134.0000
121.0000
138.0000
145.0000
151.0000
135.0000
135.0000
146.0000
121.0000
128.0000
136.0000
139.0000
118.0000
153.0000
130.0000
131.0000
138.0000
168.0000
139.0000
141.0000
154.0000
157.0000
152.0000
145.0000
169.0000
159.0000
158.0000
152.0000
147.0000
155.0000
153.0000
143.0000
141.0000
146.0000
147.0000
158.0000
150.0000
144.0000
143.0000
147.0000
149.0000
171.0000
165.0000
154.0000
158.0000
179.0000
173.0000
169.0000
170.0000
171.0000
167.0000
159.0000
160.0000
161.0000
172.0000
177.0000
170.0000
169.0000
178.0000
194.0000
204.0000
211.0000
253.0000
278.0000
295.0000
324.0000
368.0000
418.0000
467.0000
465.0000
426.0000
393.0000
381.0000
365.0000
351.0000
334.0000
325.0000
320.0000
306.0000
272.0000
237.0000
222.0000
212.0000
204.0000
211.0000
226.0000
231.0000
266.0000
259.0000
251.0000
270.0000
279.0000
291.0000
279.0000
271.0000
255.0000
237.0000
239.0000
225.0000
209.0000
204.0000
192.0000
196.0000
198.0000
180.0000
167.0000
166.0000
174.0000
182.0000
178.0000
163.0000
159.0000
156.0000
160.0000
158.0000
144.0000
154.0000
166.0000
172.0000
172.0000
162.0000
164.0000
166.0000
157.0000
164.0000
162.0000
146.0000
136.0000
151.0000
163.0000
146.0000
163.0000
166.0000
159.0000
159.0000
146.0000
145.0000
147.0000
171.0000
173.0000
161.0000
172.0000
179.0000
172.0000
162.0000
176.0000
197.0000
196.0000
185.0000
193.0000
210.0000
211.0000
207.0000
212.0000
206.0000
176.0000
181.0000
211.0000
205.0000
189.0000
191.0000
202.0000
185.0000
182.0000
179.0000
180.0000
185.0000
183.0000
173.0000
164.0000
157.0000
158.0000
170.0000
184.0000
180.0000
171.0000
182.0000
164.0000
179.0000
183.0000
174.0000
176.0000
180.0000
182.0000
205.0000
227.0000
218.0000
223.0000
240.0000
249.0000
280.0000
319.0000
344.0000
429.0000
542.0000
688.0000
842.0000
969.0000
1147.0000
1316.0000
1392.0000
1363.0000
1275.0000
1192.0000
1061.0000
963.0000
880.0000
844.0000
823.0000
740.0000
629.0000
551.0000
454.0000
351.0000
312.0000
246.0000
215.0000
187.0000
180.0000
194.0000
160.0000
169.0000
172.0000
155.0000
163.0000
160.0000
141.0000
149.0000
153.0000
150.0000
130.0000
131.0000
123.0000
140.0000
138.0000
148.0000
143.0000
149.0000
145.0000
117.0000
129.0000
127.0000
117.0000
121.0000
108.0000
124.0000
127.0000
130.0000
126.0000
125.0000
116.0000
132.0000
133.0000
135.0000
133.0000
127.0000
120.0000
113.0000
128.0000
140.0000
142.0000
133.0000
121.0000
136.0000
129.0000
129.0000
122.0000
138.0000
141.0000
130.0000
135.0000
143.0000
125.0000
137.0000
130.0000
138.0000
130.0000
127.0000
140.0000
149.0000
142.0000
129.0000
134.0000
147.0000
127.0000
150.0000
131.0000
130.0000
159.0000
163.0000
160.0000
136.0000
151.0000
129.0000
139.0000
140.0000
145.0000
147.0000
160.0000
183.0000
174.0000
172.0000
174.0000
202.0000
180.0000
211.0000
208.0000
207.0000
217.0000
220.0000
244.0000
260.0000
259.0000
317.0000
312.0000
317.0000
370.0000
431.0000
479.0000
586.0000
678.0000
748.0000
820.0000
879.0000
799.0000
748.0000
741.0000
667.0000
569.0000
581.0000
534.0000
524.0000
520.0000
465.0000
426.0000
363.0000
318.0000
230.0000
226.0000
228.0000
197.0000
206.0000
188.0000
197.0000
196.0000
191.0000
180.0000
162.0000
204.0000
184.0000
154.0000
150.0000
128.0000
162.0000
162.0000
173.0000
173.0000
145.0000
145.0000
153.0000
161.0000
164.0000
143.0000
161.0000
159.0000
168.0000
164.0000
182.0000
168.0000
155.0000
157.0000
167.0000
178.0000
178.0000
184.0000
154.0000
162.0000
176.0000
179.0000
193.0000
226.0000
214.0000
213.0000
207.0000
215.0000
232.0000
236.0000
255.0000
263.0000
248.0000
277.0000
298.0000
262.0000
241.0000
273.0000
200.0000
243.0000
238.0000
234.0000
244.0000
241.0000
251.0000
246.0000
212.0000
214.0000
219.0000
241.0000
206.0000
236.0000
224.0000
228.0000
240.0000
234.0000
256.0000
252.0000
261.0000
244.0000
253.0000
264.0000
248.0000
239.0000
270.0000
290.0000
255.0000
257.0000
226.0000
245.0000
257.0000
231.0000
223.0000
230.0000
233.0000
211.0000
205.0000
219.0000
217.0000
224.0000
188.0000
232.0000
204.0000
204.0000
173.0000
204.0000
178.0000
171.0000
174.0000
167.0000
181.0000
171.0000
214.0000
177.0000
174.0000
154.0000
166.0000
166.0000
174.0000
157.0000
168.0000
161.0000
157.0000
148.0000
184.0000
149.0000
158.0000
151.0000
145.0000
141.0000
125.0000
136.0000
147.0000
129.0000
133.0000
140.0000
163.0000
148.0000
148.0000
121.0000
140.0000
154.0000
136.0000
132.0000
122.0000
129.0000
127.0000
137.0000
139.0000
135.0000
140.0000
137.0000
118.0000
126.0000
142.0000
133.0000
134.0000
132.0000
152.0000
167.0000
156.0000
148.0000
135.0000
142.0000
136.0000
131.0000
143.0000
145.0000
146.0000
146.0000
145.0000
153.0000
144.0000
140.0000
146.0000
140.0000
143.0000
164.0000
155.0000
128.0000
142.0000
176.0000
172.0000
159.0000
191.0000
193.0000
199.0000
235.0000
231.0000
252.0000
262.0000
242.0000
241.0000
245.0000
218.0000
200.0000
185.0000
202.0000
195.0000
185.0000
192.0000
188.0000
162.0000
141.0000
128.0000
146.0000
129.0000
140.0000
115.0000
111.0000
129.0000
116.0000
115.0000
125.0000
120.0000
112.0000
130.0000
131.0000
109.0000
126.0000
118.0000
115.0000
126.0000
122.0000
113.0000
115.0000
117.0000
124.0000
112.0000
108.0000
110.0000
121.0000
118.0000
122.0000
130.0000
136.0000
130.0000
117.0000
139.0000
132.0000
122.0000
129.0000
127.0000
125.0000
125.0000
125.0000
